0  0    0
0  0    0
0  0    0
0  0    0
0  0    0
0  0    0
0  0    0
0  0    0
0  0    0
0  0    0
0  0    0
0  0    0
0  0    0
0  0    0
0  0    0
0  0    0
0.0005  0    0
0.014125  0    0
0.069625  0    0
0.133625  0    0
0.214625  0    0
0.29925  0    0
0.41275  0    0
0.4985  0    0
0.582375  0    0
0.666125  0    0
0.74775  0    0
0.82975  0    0
0.960375  0    0
1.04637  0    0
1.12387  0    0
1.19887  0    0
1.3215  0    0
1.407  0    0
1.48912  0    0
1.578  0    0
1.68462  0    0
1.7835  0    0
1.85225  0    0
1.95162  0    0
2.02449  0    0
2.10937  0    0
2.19225  0    0
2.3095  0    0
2.39362  0    0
2.47887  0    0
2.562  0    0
2.64062  0    0
2.75987  0    -1.61559e-27
2.84412  4.86621e-29    0
2.92125  1.14435e-28    -6.46235e-27
3.00062  1.56687e-28    -6.46235e-27
3.12012  1.23675e-05    0.00188457
3.20561  0.00153098    0.0352634
3.28781  0.00666873    0.0900534
3.36745  0.0142312    0.0915552
3.45039  0.0214001    0.081975
3.5771  0.0316966    0.0823987
3.63575  0.0365835    0.083549
3.66914  0.0393795    0.0835476
3.69942  0.0419154    0.0835452
3.72664  0.0442248    0.086187
3.75998  0.0472052    0.0924746
3.7817  0.0492471    0.0950227
3.80123  0.0511426    0.0985864
3.82591  0.0536025    0.0992726
3.84095  0.0550993    0.0990697
3.85687  0.0567081    0.102417
3.86844  0.0579169    0.105586
3.88029  0.0591765    0.105902
3.8956  0.0608032    0.106048
3.90512  0.0618296    0.108696
3.91369  0.0627772    0.111364
3.92055  0.063551    0.113196
3.93129  0.0647889    0.116234
3.93763  0.0655348    0.117924
3.94346  0.0662302    0.119617
3.94893  0.0668956    0.122326
3.95425  0.0675583    0.125332
3.95555  0.067722    0.112111
3.95555  0.067722    0.102245
3.95555  0.067722    0.0930592
3.95555  0.067722    0.0851172
3.95555  0.067722    0.0742807
3.95555  0.067722    0.0686218
3.95555  0.067722    0.0624074
3.95555  0.067722    0.0545071
3.95555  0.067722    0.0497555
3.95555  0.067722    0.0452371
3.95555  0.067722    0.0410555
3.95555  0.067722    0.0376245
3.95555  0.067722    0.032601
3.9558  0.0677295    0.029913
3.97053  0.0683369    0.048235
-10010 -10010 -10010
4.00323  0.0701169    0.0580312
4.08418  0.0728323    0.0111912
4.17193  0.0726061    -0.00939091
4.27467  0.0729645    0.0148797
4.38414  0.0757966    0.0330742
4.48255  0.0798745    0.0505339
4.63873  0.0897884    0.064104
4.72943  0.0922439    -0.00452007
4.83689  0.0894947    -0.0361171
4.97159  0.0860088    -0.014284
5.16584  0.0861218    0.00876925
5.28458  0.0873918    0.012158
5.38282  0.0886475    0.0131151
5.4778  0.090447    0.0244849
5.62124  0.0948637    0.0309223
5.74547  0.0966098    -0.000317762
5.85121  0.0957585    -0.0127763
5.97621  0.0943617    -0.00759891
6.12696  0.0938475    -0.00145462
6.23246  0.0935431    -0.004118
6.33545  0.093013    -0.00576735
6.42845  0.0928454    0.00246402
6.5757  0.0940761    0.0116943
6.68319  0.095284    0.0107101
6.78943  0.0963618    0.0097429
6.90318  0.0972989    0.00663035
7.04318  0.0980143    0.00426701
7.14693  0.0983366    0.00210936
7.25718  0.0984743    0.000694625
7.35543  0.0985338    0.000609211
7.50693  0.0986343    0.00070315
7.61818  0.0987048    0.000568361
7.72668  0.0987605    0.000473536
7.83318  0.0988139    0.000529982
7.93942  0.0988733    0.000579524
8.09717  0.0989624    0.00054138
8.18417  0.0990086    0.000524935
8.28592  0.0990629    0.00054304
8.40392  0.0991281    0.000559278
8.56042  0.0992147    0.000545045
8.69166  0.0992856    0.000538461
8.82666  0.0993588    0.000545808
8.96915  0.0994371    0.000550871
9.10415  0.0995112    0.00054707
9.30214  0.099619    0.000542966
9.42714  0.0996869    0.00054459
9.52289  0.0997392    0.000545547
9.60614  0.0997846    0.000546413
9.66635  0.0998175    0.000546755
9.71765  0.0998456    0.000546612
9.78265  0.0998811    0.000546522
9.87545  0.0999319    0.00054652
9.98743  0.0999931    0.00054639
-10010 -10010 -10010
10.0767  0.100042    0.000546484
10.1603  0.100088    0.000546364
10.2506  0.100137    0.000546415
10.3359  0.100184    0.0005464
10.4229  0.100231    0.000546466
10.4977  0.100272    0.000546378
10.6095  0.101717    0.0350702
10.6401  0.102917    0.0416449
10.6742  0.104359    0.0421409
10.714  0.106027    0.0419606
10.7397  0.107145    0.044905
10.7631  0.108244    0.0491978
10.7915  0.109699    0.0531411
10.8103  0.110735    0.0570949
10.8277  0.111734    0.0570425
10.8491  0.112953    0.0572969
10.8623  0.113729    0.0603481
10.8737  0.114435    0.0635852
10.8841  0.115098    0.0634032
10.8937  0.115705    0.0632131
10.906  0.116505    0.0661262
10.9142  0.117058    0.0685541
10.9216  0.117571    0.0705158
10.9283  0.11805    0.0724828
10.9347  0.118522    0.0742185
10.9431  0.119161    0.076627
10.9487  0.119589    0.0781099
10.9531  0.11994    0.0794396
10.9539  0.12    0.0737804
10.9539  0.12    0.0645641
10.9539  0.12    0.0587047
10.9539  0.12    0.0536459
10.9539  0.12    0.0487124
10.9539  0.12    0.0425471
10.9539  0.12    0.0387166
10.9539  0.12    0.035189
10.9539  0.12    0.032161
10.9539  0.12    0.0290943
10.9703  0.120591    0.0402035
-10010 -10010 -10010
11.0091  0.122312    0.0467602
11.067  0.123977    0.0152093
11.1398  0.12432    -0.00156608
11.3048  0.125406    0.0204106
11.4  0.127979    0.0322498
11.5072  0.132149    0.0443524
11.6123  0.137318    0.051929
11.71  0.141038    0.0225578
11.9072  0.140575    -0.0131338
12.0332  0.140601    0.0141376
12.1372  0.143108    0.0292535
12.2336  0.145815    0.0266403
12.3443  0.148586    0.0238379
12.5036  0.151507    0.011783
12.5998  0.152337    0.00632228
12.7068  0.152662    0.000279705
12.8093  0.152475    -0.00312516
12.908  0.152152    -0.00334687
13.064  0.151616    -0.00349095
13.1798  0.151244    -0.00293935
13.2753  0.150981    -0.00261897
13.4235  0.150675    -0.00141475
13.53  0.150564    -0.000812349
13.646  0.1505    -0.00031494
13.737  0.150486    -5.2012e-05
13.8468  0.150476    -0.000161842
13.9983  0.150439    -0.000299037
14.1058  0.150411    -0.000221495
14.2018  0.150392    -0.000177678
14.3435  0.150365    -0.000218092
14.4423  0.150342    -0.000241019
14.544  0.150318    -0.000220105
14.6883  0.150287    -0.000536594
14.792  0.149805    -0.00830392
14.8923  0.148682    -0.0133757
15.0505  0.1472    -0.00393134
15.1425  0.147058    -9.96693e-05
15.2452  0.147257    0.00365846
15.37  0.147905    0.00617359
15.5147  0.148655    0.00374144
15.5897  0.148884    0.00259245
15.6473  0.149028    0.00246961
15.678  0.149104    0.00246198
15.7418  0.149261    0.00246119
15.8095  0.149428    0.00246199
15.9095  0.149674    0.00246175
15.9798  0.149847    0.00246162
-10010 -10010 -10010
16.0633  0.150052    0.00246187
16.1729  0.150322    0.0024618
16.2479  0.150507    0.00246177
16.3301  0.150709    0.00246181
16.448  0.151    0.00246185
16.5241  0.151187    0.00246186
16.6216  0.151427    0.0024617
16.7021  0.151625    0.00246164
16.7919  0.151846    0.00246174
16.865  0.152026    0.0024618
16.9909  0.152336    0.00246178
17.0509  0.152484    0.00246176
17.1308  0.152681    0.00246174
17.2479  0.152969    0.00246172
17.3342  0.153181    0.00246185
17.4089  0.153365    0.00246199
17.532  0.153668    0.00246182
17.6077  0.153855    0.00246177
17.6937  0.154066    0.00246172
17.778  0.154274    0.00246181
17.9023  0.15458    0.00246183
17.9677  0.154741    0.00246186
18.0655  0.154982    0.0024617
18.14  0.155165    0.0024614
18.2628  0.155468    0.00246128
18.3326  0.155639    0.00246103
18.4235  0.155863    0.00246104
18.498  0.156047    0.00246097
18.6161  0.156337    0.00246072
18.697  0.156537    0.00246059
18.7918  0.15677    0.00246054
18.8663  0.156953    0.00246055
18.9465  0.15715    0.00246043
19.0666  0.157446    0.00246032
19.1508  0.157653    0.00246
19.2192  0.157821    0.00245973
19.3119  0.158049    0.00245964
19.4241  0.158325    0.00245991
19.508  0.158532    0.00245971
19.5872  0.158727    0.00245983
19.7066  0.15902    0.00245976
19.7853  0.159214    0.00246012
19.8715  0.159426    0.0024598
19.9467  0.159611    0.00245997
20.0698  0.159914    0.00245996
20.1359  0.160076    0.00246041
20.2204  0.160284    0.00246009
20.334  0.160564    0.00245954
20.433  0.160807    0.00245948
20.4994  0.160971    0.00245978
20.5838  0.161178    0.00245936
20.6972  0.161457    0.00245936
20.7819  0.161665    0.00245909
20.8628  0.161864    0.00245914
20.9429  0.162061    0.00245911
21.0702  0.162374    0.00245951
21.1615  0.162599    0.0024592
21.236  0.162782    0.00245924
21.3522  0.163068    0.00245933
21.4267  0.163251    0.0024592
21.515  0.163468    0.00245938
21.5898  0.163652    0.00245966
21.67  0.163849    0.00245959
21.7842  0.16413    0.00245982
21.8748  0.164353    0.00245955
21.9766  0.164564    -0.00130936
22.0652  0.162909    -0.0370173
22.1476  0.157843    -0.0819109
22.2311  0.151599    -0.0672287
22.3067  0.147011    -0.0553881
22.4288  0.140333    -0.0551425
22.5062  0.136035    -0.0557371
22.5947  0.131103    -0.0556147
22.6728  0.12676    -0.0555318
22.7435  0.122828    -0.0555295
22.8632  0.116174    -0.0555441
22.9487  0.11016    -0.0876212
23.0276  0.101085    -0.141085
23.1349  0.0849005    -0.143628
23.1617  0.0810332    -0.142767
23.1921  0.0766632    -0.142819
23.2214  0.0724436    -0.142881
23.2584  0.0670578    -0.146794
23.2791  0.0639655    -0.150423
23.2993  0.0609105    -0.150292
23.3174  0.058163    -0.150113
23.3407  0.0546024    -0.153316
23.3551  0.0523615    -0.156642
23.3678  0.0503432    -0.159256
23.3835  0.0477875    -0.162856
23.394  0.0460576    -0.162788
23.4036  0.0444809    -0.162722
23.4116  0.0431644    -0.164824
23.4225  0.0413275    -0.168226
23.4299  0.0400586    -0.170194
23.436  0.0390162    -0.171949
23.4456  0.0373285    -0.174635
23.4505  0.0364563    -0.176123
23.4567  0.0353589    -0.177766
-10010 -10010 -10010
23.4612  0.0345395    -0.1791
23.4617  0.0344459    -0.0535933
23.4617  0.0344459    0.139721
23.4617  0.0344459    0.275885
23.4617  0.0344459    0.391776
23.4617  0.0344459    0.482709
23.4617  0.0344459    0.619078
23.4617  0.0344459    0.708194
23.4617  0.0344459    0.780652
23.4617  0.0344459    0.857466
23.4617  0.0344459    0.944924
23.4617  0.0344459    1.00025
23.4617  0.0344459    1.05021
23.4617  0.0344459    1.11739
23.4617  0.0344459    1.161
23.4617  0.0344459    1.19927
23.4617  0.0344459    1.23023
23.4617  0.0344459    1.25953
23.4617  0.0344459    1.30008
23.4617  0.0344459    1.32425
23.4617  0.0344459    1.35388
23.4617  0.0344459    1.37644
23.4617  0.0344459    1.39173
23.4617  0.0344459    1.40942
23.4617  0.0344459    1.42309
23.4617  0.0344459    1.43552
23.4617  0.0344459    1.45255
23.4617  0.0344459    1.46369
23.4617  0.0344459    1.47263
23.4617  0.0344459    1.48541
23.4617  0.0344459    1.49254
23.4617  0.0344459    1.49918
23.4617  0.0344459    1.50585
23.4617  0.0344459    1.514
23.4617  0.0344459    1.51904
23.4617  0.0344459    1.52364
23.4617  0.0344459    1.52932
23.4617  0.0344459    1.53318
23.4617  0.0344459    1.53647
23.4617  0.0344459    1.53954
23.4617  0.0344459    1.54229
23.4623  0.0544378    1.54211
23.4633  0.089923    1.5418
23.465  0.147899    1.54183
23.4672  0.224367    1.54186
23.471  0.355812    1.54185
23.4731  0.427531    1.54184
23.4756  0.514745    1.54187
23.4778  0.590213    1.54188
23.4812  0.708664    1.54187
23.4834  0.784132    1.54187
23.4862  0.880091    1.54185
23.4884  0.956059    1.54182
23.4907  1.03703    1.54183
23.4942  1.15498    1.54182
23.4966  1.23794    1.54185
23.4995  1.34115    1.54183
23.502  1.42611    1.54187
23.5042  1.50108    1.54187
23.5064  1.5783    1.54186
23.5095  1.68625    1.54183
23.5117  1.76122    1.54186
23.515  1.87692    1.54189
23.5175  1.96089    1.54188
23.5196  2.03535    1.54186
23.5229  2.14956    1.54184
23.5249  2.21978    1.54183
23.5274  2.30499    1.54186
23.5295  2.37771    1.54187
23.5334  2.5114    1.54185
23.5352  2.57338    1.54184
23.5379  2.66859    1.54187
23.54  2.73906    1.54186
23.5437  2.8665    1.54185
23.5458  2.94097    1.54184
23.5483  3.02819    1.54187
23.5505  3.10465    1.54188
23.5524  3.18963    1.56049
23.5499  3.30733    1.62536
23.546  3.39024    1.60875
23.5435  3.47495    1.59278
23.541  3.59143    1.593
23.5392  3.66991    1.59395
23.5373  3.75463    1.59369
23.5355  3.83311    1.59346
23.5328  3.95258    1.59351
23.5311  4.02581    1.59354
23.5291  4.11304    1.59349
23.5268  4.21377    1.59343
23.5249  4.30174    1.59348
23.5232  4.37373    1.59353
23.5214  4.45471    1.59347
23.5189  4.56668    1.59349
23.517  4.64816    1.59343
23.5152  4.72889    1.59343
23.5126  4.84386    1.59348
23.5109  4.91909    1.59352
23.509  5.00207    1.59348
23.5065  5.11154    1.59349
23.5046  5.19527    1.59344
23.5028  5.27451    1.59347
23.5011  5.35199    1.59345
23.4982  5.47771    1.59345
23.4964  5.56169    1.59348
23.4945  5.64092    1.59352
23.4927  5.7194    1.5935
23.4901  5.83687    1.59348
23.4882  5.9206    1.59344
23.4865  5.99633    1.59348
23.4846  6.07756    1.59346
23.4821  6.19153    1.59349
23.4802  6.27401    1.59343
23.4778  6.38048    1.59345
23.4759  6.46346    1.59345
23.4741  6.54569    1.59351
23.4723  6.62492    1.59344
23.4704  6.70865    1.59343
23.4676  6.83112    1.59342
23.4659  6.90585    1.59347
23.4641  6.98883    1.59346
23.4617  7.09531    1.5935
23.4596  7.18703    1.59345
23.4581  7.25327    1.59349
23.4563  7.33375    1.59345
23.4538  7.44147    1.5935
23.452  7.52145    1.59343
23.4501  7.60718    1.5934
23.4475  7.7219    1.59345
23.4457  7.80088    1.59351
23.4438  7.88486    1.59345
23.442  7.96459    1.59344
23.4392  8.08781    1.59348
23.4374  8.16653    1.59352
23.4355  8.24975    1.59347
23.4337  8.33047    1.59346
23.4309  8.45544    1.59343
23.4294  8.52217    1.59348
23.4273  8.61664    1.59345
23.4249  8.7201    1.59351
23.4229  8.80982    1.59346
23.4212  8.88505    1.59348
23.4192  8.97177    1.59343
23.4174  9.05299    1.59344
23.4147  9.17146    1.59348
23.4128  9.25668    1.59352
23.4108  9.34265    1.59345
23.4092  9.41613    1.59347
23.4067  9.52484    1.59343
23.4049  9.60382    1.59346
23.403  9.69029    1.59345
23.4006  9.79525    1.59349
23.3986  9.88323    1.59344
23.3967  9.9647    1.59349
23.3949  10.0454    1.59347
23.3925  10.1509    1.59347
23.3907  10.2329    1.59344
23.3888  10.3161    1.59348
23.386  10.4371    1.59346
23.3843  10.5118    1.59351
23.3825  10.5943    1.59344
23.3807  10.6745    1.59343
23.3778  10.8032    1.59349
23.3762  10.8699    1.59352
23.3743  10.9549    1.59347
23.3718  11.0651    1.59348
23.3699  11.1516    1.59343
23.3681  11.2318    1.59347
23.3661  11.3163    1.5935
23.3644  11.3945    1.59347
23.3618  11.51    1.59348
23.3599  11.5904    1.59355
23.3579  11.6769    1.59349
23.3557  11.7779    1.59343
23.3537  11.8649    1.59348
23.3521  11.9358    1.59353
23.3495  12.0505    1.59349
23.3477  12.13    1.59345
23.3458  12.2148    1.59349
23.3433  12.3235    1.59352
23.341  12.4232    1.59348
23.3396  12.4852    1.59345
23.3379  12.5624    1.59348
23.3353  12.6736    1.5935
23.3335  12.7546    1.59348
23.3318  12.8298    1.59348
23.3289  12.9543    1.59345
23.3272  13.0292    1.5935
23.3254  13.1122    1.59344
23.3235  13.1937    1.59344
23.3209  13.3124    1.59348
23.319  13.3921    1.59352
23.3171  13.4796    1.59347
23.3147  13.5833    1.59347
23.3128  13.6688    1.59344
23.3109  13.752    1.59351
23.3091  13.83    1.59344
23.3067  13.9372    1.59345
23.3048  14.0232    1.59347
23.3031  14.0991    1.59352
23.3014  14.1711    1.59348
23.2987  14.2898    1.59346
23.2967  14.3798    1.59348
23.2951  14.4523    1.59352
23.2923  14.5745    1.59346
23.2906  14.648    1.59345
23.2902  14.7322    1.55751
23.2954  14.8388    1.49261
23.301  14.9204    1.51201
23.3047  14.9945    1.52549
23.308  15.066    1.52461
23.3135  15.1798    1.52069
23.3179  15.2677    1.52086
23.3219  15.3489    1.52107
23.3262  15.435    1.52105
23.3318  15.5469    1.52099
23.3359  15.6298    1.52098
23.3397  15.7064    1.52097
23.3457  15.826    1.52095
23.3499  15.9099    1.52095
23.3543  15.9976    1.52093
23.3578  16.0692    1.52093
23.3614  16.1549    1.54107
23.3614  16.2676    1.60133
23.3594  16.3501    1.58792
23.3585  16.4591    1.57345
23.3582  16.5408    1.57491
23.3579  16.6188    1.57606
23.3572  16.7386    1.57606
23.3568  16.8133    1.57602
23.3601  16.8752    1.46115
23.3674  16.9274    1.41519
23.3801  17.0168    1.45284
23.3885  17.1209    1.52208
23.3946  17.2039    1.47014
23.4048  17.28    1.40855
23.4262  17.4031    1.40294
23.4378  17.4729    1.40825
23.4563  17.5661    1.33246
23.4735  17.6253    1.2441
23.508  17.7221    1.23691
23.5341  17.7993    1.25008
23.5627  17.8849    1.24676
23.5866  17.9558    1.24382
23.614  18.0365    1.24365
23.6516  18.1473    1.24483
23.679  18.233    1.27995
23.7004  18.3129    1.33602
23.7197  18.3934    1.33004
23.748  18.5044    1.29854
23.7694  18.5654    1.18248
23.7908  18.6158    1.16602
23.8231  18.6939    1.19207
23.8503  18.7665    1.23558
23.8717  18.8493    1.42132
23.875  18.8849    1.52079
23.875  18.9037    1.62672
23.874  18.9149    1.67661
23.8686  18.9658    1.67059
23.8629  19.0256    1.66436
23.8553  19.1052    1.66528
23.8474  19.1888    1.66626
23.8353  19.3155    1.66603
23.829  19.3812    1.66588
23.8225  19.4615    1.63496
23.8191  19.5721    1.57487
23.8184  19.6586    1.58306
23.8171  19.7389    1.59012
23.8154  19.8258    1.58901
23.8136  19.9316    1.58767
23.8119  20.0323    1.58774
23.8108  20.0951    1.58782
23.8093  20.1815    1.58779
23.8076  20.2845    1.58775
23.8062  20.365    1.58775
23.8043  20.476    1.58777
23.8028  20.5657    1.58774
23.8016  20.64    1.58776
23.8003  20.7125    1.58772
23.7983  20.8307    1.58771
23.7969  20.9147    1.58772
23.7955  20.9947    1.58773
23.7942  21.0719    1.5877
23.7924  21.1834    1.58769
23.7909  21.2694    1.58771
23.7897  21.3427    1.58773
23.7881  21.4326    1.58769
23.7864  21.5354    1.58767
23.7851  21.6151    1.58769
23.7837  21.6956    1.58771
23.7833  21.8188    1.55062
23.7869  21.8978    1.50296
23.7926  21.973    1.48598
23.796  22.0105    1.47843
23.8001  22.0548    1.4776
23.8023  22.0782    1.47747
-10010 -10010 -10010
23.8048  22.1047    1.4739
23.8071  22.1276    1.46946
23.8102  22.1573    1.46509
23.8121  22.1756    1.46142
23.814  22.1927    1.45879
23.8158  22.208    1.4554
23.8184  22.2296    1.44749
23.8197  22.24    1.4422
23.8212  22.2514    1.43684
23.8227  22.262    1.43109
23.8248  22.277    1.4232
23.826  22.285    1.41837
23.8273  22.293    1.41412
23.8286  22.3012    1.40937
23.8301  22.3102    1.40241
23.8311  22.316    1.39728
23.8322  22.3221    1.39247
23.8338  22.3309    1.38571
23.8348  22.3364    1.38274
23.8357  22.3406    1.38025
23.8358  22.3411    1.33586
23.8358  22.3411    1.26714
23.8358  22.3411    1.22492
23.8358  22.3411    1.18649
23.8358  22.3411    1.13439
23.8358  22.3411    1.10376
23.8358  22.3411    1.07572
23.8358  22.3411    1.05159
23.8358  22.3411    1.01595
23.8358  22.3411    0.999036
23.8358  22.3411    0.98118
23.8358  22.3411    0.955995
23.8358  22.3411    0.940058
23.8358  22.3411    0.92719
23.8358  22.3411    0.915314
23.8358  22.3411    0.898365
23.8358  22.3411    0.88825
23.8358  22.3411    0.879124
23.8358  22.3411    0.867852
23.8358  22.3411    0.86135
23.8358  22.3411    0.854216
23.8358  22.3411    0.846127
23.8358  22.3411    0.839918
23.8358  22.3411    0.835587
23.8358  22.3411    0.830439
23.8358  22.3411    0.826628
23.8358  22.3411    0.822962
23.8358  22.3411    0.818548
23.8358  22.3411    0.815659
23.8363  22.3416    0.812634
23.8476  22.3536    0.818676
23.8709  22.3787    0.82157
23.9063  22.4168    0.823671
23.9801  22.4967    0.825229
24.0427  22.5644    0.824203
24.1214  22.6493    0.823251
24.1666  22.6981    0.823311
24.1898  22.7231    0.82331
24.2079  22.7427    0.823321
24.2334  22.7703    0.823331
24.248  22.7859    0.82334
24.2611  22.8001    0.82335
24.2729  22.8128    0.823355
24.2885  22.8297    0.823362
24.299  22.841    0.823372
24.3071  22.8497    0.82338
24.3192  22.8628    0.823396
24.3256  22.8697    0.823411
24.3322  22.8769    0.823424
24.3407  22.886    0.823428
24.3459  22.8916    0.823431
24.3505  22.8965    0.82344
24.3549  22.9013    0.823452
24.3608  22.9077    0.823494
24.3647  22.9119    0.82353
-10010 -10010 -10010
24.367  22.9144    0.84655
24.367  22.9144    0.980707
24.367  22.9144    1.14635
24.367  22.9144    1.25464
24.367  22.9144    1.35134
24.367  22.9144    1.44014
24.367  22.9144    1.55512
24.367  22.9144    1.62892
24.367  22.9144    1.69554
24.367  22.9144    1.75595
24.367  22.9144    1.83635
24.367  22.9144    1.8866
24.367  22.9144    1.92759
24.367  22.9144    1.96115
24.367  22.9144    2.01012
24.367  22.9144    2.0435
24.367  22.9144    2.07065
24.367  22.9144    2.09577
24.367  22.9144    2.12778
24.367  22.9144    2.1485
24.367  22.9144    2.16842
24.367  22.9144    2.1831
24.367  22.9144    2.20512
24.367  22.9144    2.22099
24.367  22.9144    2.23183
24.367  22.9144    2.24302
24.367  22.9144    2.25692
24.367  22.9144    2.26683
24.367  22.9144    2.27375
24.367  22.9144    2.28086
24.367  22.9144    2.29017
24.367  22.9144    2.29585
24.367  22.9144    2.30072
24.367  22.9144    2.30778
24.367  22.9144    2.31191
24.367  22.9144    2.316
24.367  22.9144    2.31915
24.367  22.9144    2.32292
24.3662  22.9153    2.3167
24.3546  22.9289    2.25725
24.3314  22.9581    2.23215
24.294  23.0067    2.22306
24.2212  23.1028    2.21904
24.1555  23.1889    2.22618
24.095  23.2671    2.23028
24.0435  23.3336    2.22883
24.0089  23.3785    2.22797
23.9941  23.3998    2.10229
-10010 -10010 -10010
23.9913  23.405    2.01819
23.9913  23.405    2.04203
23.9913  23.405    2.06281
23.9913  23.405    2.08486
23.9913  23.405    2.11361
23.9913  23.405    2.09586
23.9913  23.405    2.07882
23.9913  23.405    2.08771
23.9913  23.405    2.10231
23.9841  23.4164    2.1498
23.968  23.4402    2.17175
23.9521  23.4662    2.04662
23.948  23.4752    1.91494
23.9446  23.4851    1.89223
23.9352  23.5148    1.86947
23.9271  23.5468    1.74919
23.9252  23.5634    1.57995
23.925  23.5741    1.59565
23.9242  23.6003    1.60911
23.9219  23.6565    1.61038
23.9177  23.7645    1.60937
23.9143  23.8541    1.60953
23.9111  23.936    1.60962
23.9078  24.0202    1.60961
23.9047  24.0996    1.60958
23.8999  24.2241    1.60955
23.8966  24.307    1.6095
23.8937  24.3827    1.60951
23.8904  24.4683    1.60948
23.8872  24.6026    1.56982
23.8893  24.6793    1.51925
23.893  24.7599    1.53374
23.8954  24.8446    1.54749
23.8972  24.9231    1.54784
23.8999  25.0366    1.54826
23.9003  25.1341    1.58772
23.8973  25.2077    1.63561
23.8926  25.2921    1.61305
23.8909  25.3675    1.5719
23.8929  25.4657    1.53991
23.8993  25.5828    1.48772
23.9045  25.6692    1.53531
23.9052  25.7431    1.58894
23.9004  25.858    1.62736
23.8943  25.9385    1.66617
23.8869  26.0214    1.6516
23.8811  26.1009    1.63831
23.8724  26.2119    1.66779
23.8624  26.2942    1.71692
23.8517  26.3719    1.69545
23.8403  26.4957    1.63382
23.8336  26.59    1.64878
23.8275  26.6634    1.65736
23.8213  26.7356    1.65513
23.8121  26.8473    1.65215
23.8058  26.9237    1.65243
23.7991  27.0057    1.65269
23.7891  27.1276    1.65262
23.7826  27.2068    1.65072
23.7771  27.2931    1.61838
23.775  27.367    1.57647
23.7754  27.458    1.56971
23.7751  27.541    1.57913
23.7739  27.6648    1.57946
23.7733  27.7352    1.57866
23.7726  27.8222    1.57894
23.7718  27.925    1.5792
23.771  28.0208    1.5791
23.7704  28.0867    1.57903
23.7697  28.1797    1.57905
23.7689  28.2865    1.56331
23.7733  28.3437    1.42194
23.7813  28.3798    1.28057
23.7859  28.3972    1.40105
23.7859  28.3972    1.41068
23.7872  28.4055    1.41948
23.7936  28.4501    1.43568
23.8001  28.5027    1.45613
23.8076  28.5775    1.48466
23.8137  28.6592    1.50566
23.8182  28.7779    1.56181
23.8194  28.8614    1.54968
23.8217  28.9461    1.53869
23.8255  29.0623    1.53901
23.8277  29.1325    1.53961
23.8306  29.2251    1.53937
23.8329  29.298    1.5392
23.8366  29.414    1.53919
23.8387  29.4814    1.53923
23.8399  29.5684    1.57544
23.8362  29.6708    1.63938
23.831  29.7562    1.6217
23.8279  29.8283    1.60805
23.8222  29.9435    1.64047
23.8143  30.0268    1.68959
23.8046  30.1145    1.67129
23.7979  30.1864    1.6584
23.7876  30.3058    1.65782
23.7807  30.3847    1.65918
23.7737  30.4631    1.6588
23.7666  30.544    1.65846
23.7562  30.6626    1.65843
23.7492  30.7415    1.6584
23.742  30.8239    1.65838
23.7327  30.93    1.65842
23.7254  31.0134    1.6584
23.7179  31.0981    1.6584
23.7109  31.1782    1.65839
23.704  31.2569    1.6584
23.6933  31.379    1.6584
23.6871  31.4489    1.65843
23.6803  31.5269    1.65843
23.6697  31.6472    1.65843
23.6617  31.7379    1.65839
23.6556  31.808    1.6584
23.6492  31.8812    1.6584
23.6389  31.9983    1.65843
23.6304  32.0955    1.65839
23.6244  32.1629    1.65842
23.6176  32.2411    1.65841
23.6068  32.3632    1.65841
23.5989  32.4541    1.65838
23.592  32.5325    1.6584
23.585  32.6121    1.6584
23.5781  32.6903    1.65843
23.567  32.8169    1.65839
23.5605  32.8906    1.65841
23.5532  32.9745    1.6584
23.5459  33.0574    1.65841
23.5355  33.1753    1.65839
23.5286  33.2537    1.65843
23.5211  33.3391    1.65843
23.5143  33.417    1.65841
23.5042  33.5319    1.65837
23.4977  33.6058    1.6584
23.4913  33.6795    1.6584
23.4804  33.8026    1.65844
23.4722  33.8968    1.6584
23.4657  33.9702    1.65843
23.4584  34.0541    1.65843
23.4493  34.1568    1.65842
23.4421  34.2397    1.65841
23.435  34.3198    1.65845
23.4249  34.435    1.65846
23.418  34.5139    1.65842
23.4107  34.5968    1.65841
23.4014  34.7022    1.65848
23.3935  34.7924    1.65846
23.3869  34.8668    1.65844
23.38  34.9457    1.65843
23.3706  35.0531    1.65841
23.3623  35.1475    1.65839
23.3561  35.2184    1.6584
23.3453  35.3405    1.6584
23.3392  35.4102    1.6584
23.3332  35.4927    1.62684
23.3306  35.5744    1.5771
23.3308  35.6551    1.57106
23.3301  35.7746    1.58026
23.3294  35.8541    1.57934
23.3285  35.9651    1.57814
23.3279  36.0423    1.57826
23.3273  36.1215    1.57835
23.3268  36.1982    1.57835
23.3259  36.316    1.57831
23.3252  36.4038    1.5783
23.3244  36.5078    1.57825
23.3236  36.6075    1.5782
23.3232  36.6687    1.57816
23.3226  36.7472    1.57818
23.3218  36.8667    1.57826
23.3211  36.9504    1.57821
23.3206  37.0239    1.57817
23.3197  37.1455    1.57814
23.3192  37.2109    1.57819
23.3186  37.2941    1.57816
23.318  37.3773    1.5782
23.3171  37.5029    1.57814
23.3166  37.5701    1.57819
23.3159  37.6593    1.57816
23.3152  37.7651    1.5782
23.3146  37.8483    1.57814
23.314  37.925    1.57816
23.3135  37.9992    1.57818
23.3126  38.1208    1.57636
23.3137  38.2093    1.53812
23.3176  38.2801    1.49281
23.3278  38.4042    1.49392
23.3332  38.4785    1.49895
23.3393  38.5632    1.49879
23.3453  38.645    1.49859
23.3511  38.7255    1.4986
23.3595  38.8412    1.49864
23.3656  38.9265    1.49866
23.3717  39.011    1.49868
23.378  39.0975    1.4987
23.386  39.2077    1.4987
23.3922  39.2942    1.49871
23.3977  39.3705    1.49871
23.4029  39.4427    1.49872
23.4114  39.5597    1.49777
23.4178  39.6327    1.46522
23.4209  39.6619    1.46017
23.4258  39.7042    1.45513
23.4287  39.7287    1.45097
23.4317  39.7541    1.45071
23.4355  39.7854    1.45049
23.4379  39.8054    1.44739
23.44  39.8217    1.44386
23.442  39.8372    1.44343
23.4447  39.8584    1.44339
23.4463  39.871    1.44063
23.4477  39.8818    1.43762
23.45  39.8984    1.43357
23.4512  39.9068    1.43103
23.4525  39.9157    1.42865
23.4535  39.9233    1.4264
23.4551  39.934    1.42352
23.4562  39.941    1.42146
23.4571  39.9473    1.41977
23.4582  39.9545    1.41735
23.4592  39.9605    1.41401
-10010 -10010 -10010
23.4598  39.9644    1.4116
23.4598  39.9644    1.56868
23.4598  39.9644    1.75161
23.4598  39.9644    1.87197
23.4598  39.9644    1.98099
23.4598  39.9644    2.12783
23.4598  39.9644    2.21711
23.4598  39.9644    2.30144
23.4598  39.9644    2.36289
23.4598  39.9644    2.44352
23.4598  39.9644    2.52577
23.4598  39.9644    2.5896
23.4598  39.9644    2.63611
23.4598  39.9644    2.67874
23.4598  39.9644    2.73661
23.4598  39.9644    2.7744
23.4598  39.9644    2.80179
23.4598  39.9644    2.83665
23.4598  39.9644    2.87365
23.4598  39.9644    2.89746
23.4598  39.9644    2.91805
23.4598  39.9644    2.94806
23.4598  39.9644    2.96146
23.4598  39.9644    2.9783
23.4598  39.9644    2.99792
23.4598  39.9644    3.01048
23.4598  39.9644    3.02137
23.4598  39.9644    3.03674
23.4598  39.9644    3.04574
23.4598  39.9644    3.0548
23.4598  39.9644    3.0649
23.4598  39.9644    3.07254
23.4598  39.9644    3.0772
23.4598  39.9644    3.08323
23.4598  39.9644    3.09032
23.4598  39.9644    3.09537
23.4598  39.9644    3.09905
23.4598  39.9644    3.10283
23.4598  39.9644    3.10773
23.4598  39.9644    3.11058
23.4598  39.9644    3.1132
23.4445  39.9649    3.11321
23.4098  39.9659    3.11285
23.3545  39.9675    3.11291
23.2798  39.9696    3.11297
23.1495  39.9733    3.11303
23.0784  39.9754    3.11306
23.0006  39.9776    3.11306
22.9182  39.98    3.11308
22.7963  39.9834    3.11314
22.7281  39.9854    3.11311
22.6369  39.988    3.11315
22.559  39.9902    3.11314
22.4722  39.9927    3.11317
22.3526  39.9961    3.11315
22.2729  39.9983    3.11319
22.1919  40.0006    3.11319
22.1166  40.0028    3.11318
21.9992  40.0061    3.11314
21.9143  40.0085    3.11317
21.8369  40.0107    3.1131
21.7148  40.0142    3.1131
21.6334  40.0165    3.11308
21.5465  40.019    3.11316
21.443  40.022    3.11316
21.3542  40.0245    3.11319
21.2745  40.0267    3.11314
21.1895  40.0291    3.11318
21.108  40.0315    3.11311
20.9953  40.0347    3.11314
20.9153  40.0369    3.11313
20.8285  40.0394    3.11325
20.7217  40.0424    3.11319
20.6348  40.0449    3.11332
20.562  40.047    3.11333
20.484  40.0492    3.11336
20.3697  40.0524    3.11335
20.2791  40.0549    3.11331
20.2106  40.0569    3.11324
20.139  40.0589    3.11328
20.0254  40.0621    3.11326
19.9434  40.0644    3.11326
19.8587  40.0668    3.11319
19.741  40.0701    3.11328
19.665  40.0723    3.11324
19.597  40.0742    3.11327
19.4778  40.0776    3.11328
19.3895  40.0801    3.11331
19.3144  40.0822    3.11326
19.2439  40.0842    3.11326
19.1154  40.0878    3.11317
19.032  40.0902    3.11327
18.9564  40.0923    3.11327
18.8424  40.0955    3.11329
18.7576  40.0979    3.11323
18.6692  40.1004    3.11329
18.5956  40.1025    3.11326
18.5203  40.1047    3.11328
18.3962  40.1082    3.11326
18.313  40.1105    3.11327
18.2369  40.1127    3.11322
18.1571  40.1149    3.11324
18.0374  40.1183    3.1151
17.9547  40.1192    -3.13652
17.85  40.1154    -3.08115
17.7564  40.1104    -3.09391
17.6802  40.107    -3.10046
17.5929  40.1034    -3.09885
17.5235  40.1004    -3.09762
17.4106  40.0954    -3.09759
17.3287  40.0918    -3.09762
17.2438  40.0881    -3.09759
17.1605  40.0844    -3.0975
17.0466  40.0794    -3.09756
16.9656  40.0758    -3.09657
16.8899  40.0711    -3.05997
16.8577  40.0684    -3.05417
16.8183  40.064    -3.00581
16.7393  40.0491    -2.90335
16.6798  40.0324    -2.83949
16.6226  40.0121    -2.75511
-10010 -10010 -10010
16.5721  39.9897    -2.69773
16.4991  39.9501    -2.57269
16.4707  39.9289    -2.41561
16.4634  39.9217    -2.30036
16.4584  39.916    -2.27569
16.429  39.8802    -2.24522
16.3971  39.8373    -2.1766
16.3744  39.8014    -2.08966
16.3584  39.7719    -2.05267
16.3209  39.695    -1.9975
16.2884  39.6187    -1.94881
16.262  39.5428    -1.86233
16.2316  39.4326    -1.82587
16.2139  39.3594    -1.78829
16.1963  39.2758    -1.76895
16.1821  39.1975    -1.72898
16.1664  39.085    -1.69413
16.1579  39.0035    -1.65333
16.1519  38.9213    -1.63523
16.1481  38.8412    -1.59853
16.1472  38.7271    -1.56301
16.1495  38.645    -1.52091
16.153  38.5627    -1.53552
16.1558  38.4592    -1.54954
16.1575  38.379    -1.54773
16.1594  38.301    -1.54629
16.1614  38.2209    -1.54623
16.1643  38.1005    -1.54635
16.1664  38.0174    -1.54631
16.1682  37.9424    -1.5463
16.171  37.8285    -1.54628
16.1729  37.7486    -1.54628
16.1751  37.6616    -1.54628
16.1768  37.5907    -1.54629
16.1798  37.4681    -1.54627
16.1818  37.3892    -1.54627
16.1842  37.2916    -1.54626
16.186  37.2166    -1.54627
16.1879  37.1401    -1.54627
16.1908  37.0197    -1.54628
16.1929  36.9371    -1.54628
16.1946  36.867    -1.54631
16.1976  36.7436    -1.54629
16.1993  36.6745    -1.5463
16.2015  36.5867    -1.54626
16.2032  36.5156    -1.54626
16.2061  36.3983    -1.54625
16.2078  36.3267    -1.54625
16.2101  36.235    -1.54625
16.213  36.1149    -1.54624
16.2153  36.0236    -1.54626
16.2171  35.9516    -1.54629
16.2191  35.8683    -1.54628
16.2211  35.7869    -1.5463
16.2241  35.6666    -1.54626
16.2258  35.5948    -1.54629
16.2278  35.5122    -1.54625
16.2298  35.432    -1.54625
16.2327  35.3144    -1.54623
16.2348  35.2304    -1.54624
16.2368  35.1472    -1.54622
16.2388  35.0686    -1.54622
16.2417  34.95    -1.5462
16.2435  34.8747    -1.54619
16.2456  34.7923    -1.54623
16.2475  34.7143    -1.54625
16.2497  34.6217    -1.54623
16.2526  34.5059    -1.54626
16.2548  34.4176    -1.54624
16.2566  34.3446    -1.54625
16.2594  34.2301    -1.54625
16.2612  34.1551    -1.54626
16.2634  34.0651    -1.54627
16.2652  33.994    -1.54629
16.2683  33.8676    -1.54627
16.2699  33.8009    -1.54628
16.2718  33.7251    -1.54628
16.2747  33.6078    -1.5463
16.2768  33.5219    -1.54627
16.2787  33.4432    -1.54628
16.2817  33.3202    -1.54627
16.2834  33.2501    -1.5463
16.2855  33.165    -1.54629
16.2874  33.0871    -1.5463
16.2904  32.9651    -1.54628
16.2922  32.8928    -1.54629
16.2941  32.8153    -1.54627
16.2968  32.7063    -1.54627
16.2989  32.6204    -1.54627
16.3006  32.5493    -1.54629
16.3036  32.4273    -1.54628
16.3056  32.3471    -1.54629
16.3076  32.2668    -1.5463
16.3105  32.1474    -1.54633
16.3127  32.0573    -1.54632
16.3145  31.982    -1.54633
16.3165  31.9016    -1.54631
16.3193  31.7885    -1.5463
16.3215  31.6992    -1.54629
16.3233  31.6256    -1.54631
16.3253  31.5415    -1.54628
16.3282  31.4243    -1.54629
16.3305  31.3309    -1.54626
16.3323  31.2581    -1.54628
16.3343  31.1757    -1.54627
16.337  31.0678    -1.54629
16.339  30.9835    -1.54627
16.3411  30.8984    -1.54628
16.3431  30.8182    -1.54629
16.3457  30.7139    -1.5463
16.3477  30.6303    -1.54629
16.3497  30.5492    -1.5463
16.3527  30.4262    -1.54627
16.3544  30.3579    -1.54628
16.3566  30.2661    -1.54629
16.3586  30.1858    -1.5463
16.3618  30.0555    -1.54626
16.3636  29.984    -1.54628
16.3657  29.8962    -1.54627
16.3679  29.8078    -1.54629
16.3703  29.7082    -1.54628
16.3721  29.6375    -1.5463
16.374  29.5573    -1.54629
16.3767  29.4479    -1.5463
16.3788  29.3648    -1.54628
16.3808  29.2804    -1.54627
16.3838  29.1589    -1.54628
16.3855  29.091    -1.54631
16.3873  29.0148    -1.5463
16.3901  28.9021    -1.5463
16.3922  28.8165    -1.54626
16.3941  28.7374    -1.54627
16.3961  28.6582    -1.54627
16.3991  28.535    -1.5463
16.4016  28.4359    -1.54628
16.4031  28.3717    -1.5463
16.4051  28.293    -1.54628
16.4079  28.1786    -1.54628
16.41  28.09    -1.54627
16.412  28.0091    -1.54629
16.4142  27.9194    -1.5463
16.4169  27.8109    -1.5463
16.4192  27.7165    -1.54628
16.4209  27.6467    -1.5463
16.423  27.5618    -1.54627
16.4251  27.4768    -1.54628
16.4281  27.3541    -1.54628
16.4297  27.2874    -1.5463
16.4319  27.1986    -1.54626
16.4345  27.0919    -1.54626
16.4366  27.008    -1.54625
16.4387  26.9238    -1.54626
16.4407  26.8394    -1.54624
16.4432  26.7371    -1.54625
16.4453  26.6542    -1.54624
16.4471  26.5792    -1.54625
16.4499  26.4668    -1.54624
16.452  26.3823    -1.54626
16.4542  26.2923    -1.54626
16.4567  26.1913    -1.54629
16.4587  26.1096    -1.54628
16.4606  26.0287    -1.5463
16.4625  25.9517    -1.54629
16.4654  25.8348    -1.54629
16.4677  25.7407    -1.54631
16.4693  25.6752    -1.54634
16.4723  25.553    -1.54633
16.474  25.4822    -1.54636
16.4762  25.3921    -1.54632
16.4788  25.2891    -1.54633
16.4811  25.1952    -1.54632
16.483  25.1151    -1.54633
16.4851  25.0297    -1.54631
16.4869  24.9578    -1.54631
16.4891  24.8663    -1.5463
16.492  24.746    -1.54632
16.4943  24.6554    -1.54629
16.4961  24.5817    -1.5463
16.499  24.4634    -1.54628
16.5008  24.3886    -1.54629
16.5028  24.3063    -1.54628
16.5049  24.2225    -1.54629
16.5078  24.1042    -1.54627
16.5096  24.0302    -1.54628
16.5117  23.9451    -1.54627
16.5144  23.8352    -1.54629
16.5164  23.7531    -1.54628
16.5183  23.6774    -1.54627
16.52  23.6055    -1.54627
16.5231  23.4813    -1.54629
16.5254  23.3879    -1.54627
16.5272  23.3132    -1.54629
16.5292  23.2334    -1.54627
16.532  23.1165    -1.54627
16.5344  23.0223    -1.54626
16.536  22.9556    -1.54628
16.5384  22.8595    -1.54628
16.5403  22.7805    -1.54629
16.5434  22.6528    -1.54628
16.5451  22.583    -1.54629
16.5472  22.4986    -1.54626
16.55  22.3858    -1.5463
16.5522  22.2965    -1.54627
16.5543  22.2122    -1.54629
16.5564  22.1242    -1.54629
16.5583  22.048    -1.54631
16.5605  21.959    -1.54627
16.5632  21.8485    -1.54629
16.5653  21.7639    -1.54627
16.5674  21.6781    -1.54629
16.5691  21.6057    -1.54628
16.572  21.4879    -1.54626
16.5741  21.4018    -1.54629
16.576  21.3259    -1.54629
16.5777  21.2556    -1.54629
16.5806  21.1364    -1.54632
16.5827  21.0535    -1.54631
16.5847  20.9711    -1.54632
16.5877  20.8495    -1.54628
16.5896  20.7693    -1.54631
16.5918  20.6807    -1.54628
16.5936  20.6071    -1.54628
16.5966  20.4846    -1.54629
16.5984  20.4106    -1.5463
16.6009  20.3108    -1.54627
16.6027  20.2373    -1.54628
16.6048  20.152    -1.54627
16.6076  20.0386    -1.5463
16.6097  19.9522    -1.54629
16.6115  19.878    -1.5463
16.6146  19.7543    -1.54627
16.6161  19.6898    -1.54628
16.6181  19.6087    -1.54626
16.6209  19.4956    -1.54628
16.6232  19.4012    -1.54628
16.6248  19.3387    -1.5463
16.6279  19.2125    -1.54625
16.6295  19.1451    -1.54627
16.6319  19.0483    -1.54625
16.6338  18.9715    -1.54626
16.6357  18.8926    -1.54627
16.6385  18.7783    -1.54631
16.6406  18.6954    -1.5463
16.6427  18.6073    -1.5463
16.6446  18.5291    -1.54627
16.6474  18.4158    -1.54628
16.6496  18.3278    -1.54626
16.6516  18.2455    -1.54628
16.6536  18.1641    -1.54627
16.6564  18.0495    -1.54629
16.6589  17.9492    -1.54625
16.6605  17.8819    -1.54626
16.6628  17.7899    -1.54625
16.6647  17.7127    -1.54626
16.6677  17.5914    -1.54627
16.6697  17.5105    -1.54627
16.6717  17.4276    -1.54626
16.6738  17.3426    -1.54629
16.6758  17.259    -1.54627
16.6787  17.1423    -1.54628
16.6809  17.053    -1.54627
16.6827  16.9811    -1.54629
16.6846  16.9005    -1.54627
16.6877  16.7748    -1.54626
16.6898  16.6889    -1.54627
16.6918  16.6088    -1.5463
16.6939  16.5218    -1.54629
16.6966  16.4122    -1.54629
16.6987  16.3261    -1.5463
16.7004  16.2599    -1.54631
16.7037  16.1242    -1.54629
16.7055  16.0504    -1.54631
16.7077  15.9609    -1.54627
16.7095  15.8867    -1.54627
16.7116  15.8019    -1.54628
16.7142  15.6936    -1.5463
16.7164  15.6066    -1.54626
16.7182  15.5314    -1.54626
16.721  15.4178    -1.54625
16.7229  15.3421    -1.54626
16.7248  15.2648    -1.54626
16.7278  15.1401    -1.54627
16.7299  15.0557    -1.54626
16.7318  14.9795    -1.54628
16.7337  14.9035    -1.54628
16.7366  14.7822    -1.54631
16.7388  14.6947    -1.54627
16.7406  14.6207    -1.54628
16.7425  14.5408    -1.54628
16.7455  14.4187    -1.54626
16.748  14.3182    -1.54627
16.7498  14.2439    -1.54629
16.7516  14.1717    -1.54628
16.7547  14.047    -1.5463
16.7568  13.9604    -1.54628
16.7588  13.8791    -1.5463
16.7599  13.7969    -1.57088
16.7578  13.7096    -1.62021
16.7537  13.6345    -1.61831
16.7497  13.5195    -1.59733
16.7472  13.4264    -1.59783
16.7452  13.3541    -1.59824
16.7419  13.2325    -1.59817
16.7401  13.1688    -1.59813
16.7379  13.0884    -1.59813
16.7349  12.9789    -1.59813
16.7323  12.884    -1.59815
16.7304  12.8139    -1.59816
16.7281  12.7306    -1.59817
16.725  12.6144    -1.5982
16.7226  12.5293    -1.59818
16.7197  12.4212    -1.5982
16.7174  12.3368    -1.59818
16.7153  12.2634    -1.59819
16.7119  12.1386    -1.59818
16.7099  12.0659    -1.59913
16.7064  11.9838    -1.62925
16.7007  11.9127    -1.67337
16.687  11.7925    -1.67858
16.6785  11.7093    -1.66775
16.6702  11.6246    -1.67025
16.6593  11.5179    -1.67291
16.6506  11.4323    -1.67268
16.6424  11.3526    -1.67252
16.6333  11.263    -1.67259
16.6257  11.1891    -1.67261
16.6131  11.0656    -1.6726
16.6069  11.0048    -1.67257
16.597  10.9222    -1.71222
16.5892  10.8731    -1.74085
16.5808  10.8246    -1.7424
16.5759  10.7969    -1.74212
16.5696  10.7651    -1.78977
16.5477  10.6853    -1.88186
16.5244  10.6198    -1.94582
-10010 -10010 -10010
16.5027  10.571    -2.03525
16.4609  10.4979    -2.12628
16.4296  10.4515    -2.20621
16.3951  10.4075    -2.25991
16.3529  10.3599    -2.33611
16.2786  10.2887    -2.40261
16.2179  10.2367    -2.4658
16.1479  10.1831    -2.51476
16.0912  10.1448    -2.58371
15.9935  10.0892    -2.6553
15.9287  10.0575    -2.71973
15.8534  10.0258    -2.7631
15.7752  9.99794    -2.83985
15.6612  9.96769    -2.91159
15.5924  9.95396    -2.98177
15.4776  9.93725    -3.00323
15.4074  9.9286    -3.03612
15.3202  9.92025    -3.05649
15.2174  9.91414    -3.10742
15.1256  9.91208    -3.13193
15.0525  9.91261    3.11496
14.9705  9.91575    3.09322
14.8833  9.92138    3.05746
14.8078  9.92932    3.02683
14.6896  9.9452    2.98527
14.6071  9.95784    2.99455
14.5223  9.96997    3.00302
14.4469  9.98051    3.00163
14.3371  9.99615    2.99908
14.2592  10.0073    2.99924
14.1776  10.019    2.99935
14.0542  10.0367    2.99935
13.9781  10.0476    2.99935
13.8952  10.0594    2.99934
13.8133  10.0712    2.99935
13.7388  10.0819    2.99934
13.6155  10.0995    2.99934
13.5222  10.1144    2.96475
13.4474  10.1295    2.91914
13.367  10.1479    2.91904
13.2834  10.1666    2.92325
13.1599  10.1939    2.92341
13.0826  10.2111    2.92299
13.0004  10.2294    2.923
12.9189  10.2475    2.92301
12.8061  10.2725    2.923
12.7304  10.2893    2.92301
12.648  10.3076    2.923
12.562  10.3267    2.923
12.4697  10.3472    2.92299
12.3929  10.3643    2.92298
12.3437  10.3755    2.91305
12.2963  10.3867    2.90613
12.2691  10.3932    2.90631
12.2455  10.3989    2.90652
12.2231  10.4043    2.90655
12.1943  10.4111    2.90617
12.1758  10.4156    2.90311
12.1599  10.4195    2.89948
12.1442  10.4234    2.89679
12.1315  10.4266    2.89388
12.1136  10.4312    2.88967
12.1045  10.4335    2.88704
12.0934  10.4364    2.88444
12.0843  10.4388    2.88189
12.0714  10.4423    2.87821
12.064  10.4443    2.87577
12.0567  10.4463    2.8718
12.05  10.4482    2.86781
-10010 -10010 -10010
12.0423  10.4504    2.8655
12.0394  10.4511    2.90396
12.0394  10.4511    3.05318
12.0394  10.4511    -3.08863
12.0394  10.4511    -2.90175
12.0394  10.4511    -2.78794
12.0394  10.4511    -2.6773
12.0394  10.4511    -2.58335
12.0394  10.4511    -2.48677
12.0394  10.4511    -2.36936
12.0394  10.4511    -2.29355
12.0394  10.4511    -2.23489
12.0394  10.4511    -2.14942
12.0394  10.4511    -2.10154
12.0394  10.4511    -2.0552
12.0394  10.4511    -1.99698
12.0394  10.4511    -1.95917
12.0394  10.4511    -1.92484
12.0394  10.4511    -1.89354
12.0394  10.4511    -1.85319
12.0394  10.4511    -1.82817
12.0394  10.4511    -1.80537
12.0394  10.4511    -1.78688
12.0394  10.4511    -1.75978
12.0394  10.4511    -1.74296
12.0394  10.4511    -1.72762
12.0394  10.4511    -1.70799
12.0394  10.4511    -1.69649
12.0394  10.4511    -1.68524
12.0394  10.4511    -1.6751
12.0394  10.4511    -1.66151
12.0394  10.4511    -1.65395
12.0394  10.4511    -1.64652
12.0394  10.4511    -1.63704
12.0394  10.4511    -1.63115
12.0394  10.4511    -1.62581
12.0394  10.4511    -1.62088
12.0394  10.4511    -1.61646
12.0394  10.4511    -1.61052
12.0394  10.4511    -1.60701
12.0394  10.4511    -1.60379
12.0394  10.4511    -1.60101
12.0391  10.4329    -1.58302
12.0389  10.3954    -1.57159
12.0395  10.3379    -1.55024
12.0425  10.2572    -1.51699
12.0496  10.1364    -1.51513
12.0532  10.0703    -1.51891
12.0578  9.98289    -1.51783
12.0636  9.87505    -1.51671
12.0679  9.79417    -1.51686
12.0722  9.71428    -1.517
12.0764  9.63665    -1.51702
12.0828  9.51857    -1.51704
12.0872  9.43568    -1.51702
12.0916  9.35529    -1.51704
12.0979  9.23846    -1.51703
12.1021  9.15958    -1.51705
12.1068  9.07195    -1.51703
12.1109  8.99605    -1.51704
12.1172  8.87922    -1.51703
12.1214  8.80059    -1.51705
12.1265  8.70597    -1.51702
12.1305  8.63257    -1.51703
12.1345  8.55818    -1.51702
12.1406  8.44534    -1.51705
12.1452  8.35921    -1.51702
12.1498  8.27334    -1.51702
12.155  8.17772    -1.51703
12.1588  8.10582    -1.51705
12.1651  7.98899    -1.51704
12.169  7.91785    -1.51706
12.174  7.82323    -1.51705
12.1795  7.72188    -1.51707
12.1848  7.62277    -1.51704
12.1887  7.55037    -1.51706
12.1932  7.46649    -1.51703
12.1973  7.39085    -1.51704
12.2029  7.28775    -1.51703
12.2079  7.19414    -1.51704
12.2121  7.11525    -1.51702
12.2166  7.03312    -1.51702
12.223  6.91454    -1.51702
12.2272  6.83516    -1.51704
12.2325  6.73805    -1.51702
12.2364  6.6649    -1.51703
12.2403  6.59176    -1.51703
12.2467  6.47318    -1.51704
12.2512  6.39005    -1.51703
12.2555  6.30942    -1.51704
12.2594  6.23677    -1.51704
12.2665  6.10496    -1.51705
12.2711  6.02008    -1.51703
12.2754  5.94145    -1.51705
12.2786  5.86727    -1.53734
12.2793  5.74379    -1.59173
12.278  5.65905    -1.58086
12.2776  5.5758    -1.57268
12.2775  5.50555    -1.57289
12.2772  5.3838    -1.57308
12.277  5.29931    -1.57307
12.2768  5.22231    -1.57307
12.2767  5.14781    -1.57306
12.2764  5.03556    -1.57306
12.2762  4.94556    -1.57306
12.2761  4.87556    -1.57306
12.2758  4.75156    -1.57309
12.2756  4.68256    -1.5731
12.2754  4.59981    -1.57309
12.2752  4.49431    -1.57311
12.275  4.41131    -1.5731
12.2748  4.32882    -1.57311
12.2746  4.24507    -1.57312
12.2744  4.16407    -1.57312
12.2741  4.03157    -1.57313
12.2739  3.95882    -1.57311
12.2737  3.86982    -1.57312
12.2736  3.79007    -1.5731
12.2734  3.71157    -1.57309
12.2731  3.59232    -1.575
12.271  3.5036    -1.61312
12.2658  3.42478    -1.66259
12.2577  3.32912    -1.64413
12.2531  3.25928    -1.63177
12.2458  3.13825    -1.63134
12.242  3.07561    -1.63218
12.237  2.99402    -1.63224
12.2295  2.872    -1.63213
12.2244  2.78866    -1.63215
12.2193  2.70531    -1.6322
12.2124  2.6216    -1.67405
12.1937  2.50467    -1.78268
12.1723  2.4075    -1.79478
12.1566  2.34363    -1.82682
12.1364  2.26443    -1.81337
12.118  2.1876    -1.79949
12.0915  2.07288    -1.79905
12.0725  1.99156    -1.80001
12.0537  1.91073    -1.79979
12.0353  1.83209    -1.79956
12.0157  1.74784    -1.79956
11.9901  1.63778    -1.79956
11.9713  1.55695    -1.79955
11.9532  1.47952    -1.79957
11.9259  1.36216    -1.79956
11.9072  1.28156    -1.79766
11.8888  1.19524    -1.76027
11.8764  1.12128    -1.71418
11.8623  1.00867    -1.67973
11.8555  0.931976    -1.63884
11.8508  0.853117    -1.62247
11.8478  0.738173    -1.56895
11.8489  0.649681    -1.54761
11.8518  0.577244    -1.51172
11.8574  0.498949    -1.48805
11.8655  0.418541    -1.45656
11.8691  0.387393    -1.45321
11.8722  0.361972    -1.44903
11.8753  0.336633    -1.44616
11.8796  0.302969    -1.44082
11.8827  0.280056    -1.43741
11.8849  0.263433    -1.43375
11.8874  0.246104    -1.43124
11.8896  0.230329    -1.42809
11.8926  0.209898    -1.42115
11.8947  0.196602    -1.41481
11.8965  0.184872    -1.40978
11.8983  0.17418    -1.40413
11.9001  0.163453    -1.3989
11.9026  0.149333    -1.39089
11.9042  0.140801    -1.38409
11.9057  0.133119    -1.37726
11.9072  0.125692    -1.37124
11.9092  0.115984    -1.36269
11.9109  0.108126    -1.35643
11.9124  0.101014    -1.35015
11.9151  0.0902817    -1.31278
11.9194  0.0749109    -1.28143
11.9228  0.0643749    -1.24906
11.9261  0.0546302    -1.23286
11.9238  0.0598673    -1.10668
11.9199  0.0663439    -0.917621
11.9241  0.0608563    -0.913331
11.928  0.055807    -0.909544
11.9357  0.0463667    -0.874514
11.9416  0.0393568    -0.855335
11.9432  0.0376026    -0.872161
11.9334  0.0496235    -0.903514
11.927  0.0580611    -0.936078
11.9215  0.0657317    -0.949117
11.926  0.0593951    -0.943316
11.9293  0.0548881    -0.946602
11.9297  0.0543887    -1.09583
11.9297  0.0543887    -1.22935
11.9262  0.062344    -1.06441
11.9233  0.0667514    -0.938466
11.9282  0.0600303    -0.941536
11.9346  0.0512143    -0.944315
11.9369  0.0482159    -0.779798
11.9369  0.0482159    -0.630573
11.9417  0.0447208    -0.629384
11.9483  0.0398721    -0.621484
11.9488  0.0395564    -0.480112
11.9488  0.0395564    -0.330886
11.9544  0.0377304    -0.317015
11.9606  0.0356526    -0.297748
11.9536  0.0372097    -0.148522
11.9477  0.0376758    -0.0150044
11.9527  0.0376032    -0.0258203
11.9603  0.0372452    -0.0536144
11.9537  0.0371087    0.0877572
11.9475  0.036094    0.229129
11.9549  0.0376569    0.17385
11.961  0.0385352    0.113018
11.9665  0.0390228    0.0674467
11.971  0.0392326    0.0270196
11.9644  0.0383458    0.213268
11.9609  0.0373806    0.339848
11.966  0.0394458    0.418559
11.9705  0.0416354    0.492218
11.9773  0.0457605    0.590363
11.9809  0.0483263    0.646196
11.9811  0.0484858    0.791046
11.9811  0.0484858    0.924564
11.9811  0.0484858    1.0895
11.9811  0.0484858    1.27799
11.9811  0.0484858    1.43507
11.9811  0.0484858    1.56859
11.9811  0.0484858    1.71368
11.9811  0.0484858    1.88791
11.9811  0.0484858    2.00568
11.9811  0.0484858    2.09588
11.9811  0.0484858    2.232
11.9811  0.0484858    2.30805
11.9811  0.0484858    2.37918
11.9811  0.0484858    2.47123
11.9811  0.0484858    2.52806
11.9811  0.0484858    2.58244
11.9811  0.0484858    2.62726
11.9811  0.0484858    2.69482
11.9811  0.0484858    2.73477
11.9811  0.0484858    2.77117
11.9811  0.0484858    2.80239
11.9811  0.0484858    2.84461
11.9811  0.0484858    2.8724
11.9811  0.0484858    2.89501
11.9811  0.0484858    2.92599
11.9811  0.0484858    2.94504
11.9811  0.0484858    2.96255
11.9811  0.0484858    2.97927
11.9811  0.0484858    2.99961
11.9811  0.0484858    3.01087
11.9811  0.0484858    3.02251
11.9811  0.0484858    3.03693
11.9811  0.0484858    3.04682
11.9811  0.0484858    3.05477
11.9811  0.0484858    3.06212
11.9811  0.0484858    3.06988
11.9811  0.0484858    3.07926
11.9811  0.0484858    3.08509
11.9811  0.0484858    3.09037
11.9811  0.0484858    3.09513
11.9811  0.0484858    3.09947
11.9811  0.0484858    3.10302
11.9811  0.0484858    3.10714
11.9809  0.0484934    3.11145
11.964  0.0488283    3.12647
11.933  0.0491779    3.13256
11.8785  0.0495941    3.13476
11.7638  0.0502936    3.13573
11.6598  0.0509301    3.13526
11.5286  0.0517843    3.13498
11.399  0.052628    3.13518
11.2008  0.0538785    3.13531
11.0635  0.0547507    3.13517
11.0  0.08  3.13517
-10010 -10010 -10010
10.9263  0.0556384    3.1351
10.7814  0.0565746    3.13517
10.6442  0.0574517    3.13523
10.4459  0.0587164    3.13519
10.3087  0.0595968    3.13517
10.1714  0.0604772    3.13519
10.0342  0.0613556    3.1352
9.82071  0.0627217    3.13519
9.71397  0.0634056    3.13519
9.58086  0.0653867    3.11675
9.43957  0.070266    3.10577
9.33098  0.0726781    3.13036
9.22123  0.0729096    -3.13826
9.03788  0.0749195    3.10958
8.94483  0.0786849    3.0982
8.83041  0.0828923    3.11053
8.7247  0.0857537    3.11695
8.61487  0.0886449    3.11319
8.48018  0.0927387    3.11311
8.37795  0.0944688    3.13453
8.25494  0.09419    -3.13349
8.12845  0.0932632    -3.1371
7.98607  0.0931168    3.14057
7.88482  0.093242    3.1402
7.76282  0.0934281    3.13999
7.64995  0.0936163    3.13987
7.50657  0.0938707    3.1398
7.39958  0.0940602    3.13984
7.28945  0.0942516    3.13987
7.18495  0.0944329    3.13985
7.07783  0.0946205    3.13984
6.98008  0.094792    3.13984
6.82833  0.095057    3.13985
6.71721  0.0952511    3.13984
6.61496  0.09543    3.13984
6.51671  0.0956018    3.13984
6.34608  0.0959001    3.13985
6.20883  0.0961399    3.13985
6.07158  0.0963797    3.13985
5.87333  0.0967261    3.13985
5.72845  0.0969792    3.13985
5.5912  0.097219    3.13985
5.45395  0.0974588    3.13985
5.30907  0.0977119    3.13985
5.11844  0.0980449    3.13985
4.98119  0.0982847    3.13985
4.84394  0.0985245    3.13985
4.71469  0.0987504    3.13984
4.56019  0.0990204    3.13984
4.47269  0.0991733    3.13984
4.41082  0.0992815    3.13984
4.3547  0.0993796    3.13984
4.32501  0.0994315    3.13984
4.28204  0.0995066    3.13984
4.22448  0.0996072    3.13984
4.1004  0.099824    3.13984
4.02176  0.0999615    3.13984
-10010 -10010 -10010
3.94087  0.100103    3.13984
3.86048  0.100243    3.13984
3.73915  0.100455    3.13984
3.66508  0.100585    3.13984
3.57587  0.100741    3.13984
3.50181  0.10087    3.13984
3.37997  0.101083    3.13984
3.30999  0.101205    3.13984
3.21237  0.101376    3.13984
3.11052  0.101554    3.13984
3.02663  0.1017    3.13984
2.94241  0.101848    3.13984
2.86285  0.101987    3.13984
2.77913  0.102133    3.13984
2.6618  0.102338    3.13984
2.59156  0.102461    3.13984
2.51068  0.102602    3.13984
2.42271  0.102756    3.13984
2.29737  0.102975    3.13984
2.22739  0.103097    3.13984
2.1465  0.103239    3.13984
2.03357  0.103436    3.13984
1.94053  0.103599    3.13984
1.86922  0.103723    3.13984
1.7736  0.10389    3.13984
1.69628  0.104025    3.13984
1.61872  0.104161    3.13984
1.50297  0.104363    3.13984
1.42083  0.104507    3.13984
1.33769  0.104652    3.13984
1.22018  0.104857    3.13984
1.14104  0.104996    3.13984
1.05308  0.105149    3.13984
0.974765  0.105286    3.13984
0.878156  0.104134    -3.11052
0.805772  0.100429    -3.06929
0.715251  0.0924732    -3.0536
0.59692  0.0824361    -3.05925
0.52012  0.0760866    -3.05893
0.433452  0.0688905    -3.05863
0.353515  0.062243    -3.05865
0.320643  0.0595103    -3.05865
0.302955  0.0580399    -3.05865
-10010 -10010 -10010