0.0626638  0.926557    0.14657
0.0876434  0.972408    0.141416
0.126266  0.980235    0.139779
0.166149  0.993118    0.136585
0.208759  1.00389    0.135679
-10010 -10010 -10010
0.251648  1.01501    0.133361
0.298205  1.02647    0.131426
0.340081  1.03436    0.128658
0.387667  1.04334    0.127574
0.424426  1.05013    0.126661
0.473576  1.06378    0.125025
0.524611  1.07064    0.123765
0.576489  1.07771    0.122027
0.622976  1.08621    0.119922
0.677713  1.10088    0.117465
0.722443  1.10783    0.11685
0.780757  1.11555    0.113708
0.830937  1.12874    0.113505
0.87705  1.14441    0.110367
0.92528  1.14715    0.111064
0.978147  1.15071    0.110255
1.03335  1.16036    0.107937
1.07888  1.17078    0.106151
1.13225  1.17077    0.103108
1.17843  1.17607    0.102618
1.22839  1.18405    0.101649
1.27916  1.19465    0.100947
1.33051  1.20291    0.097255
1.37866  1.20095    0.0952262
1.4273  1.20342    0.0935585
1.48429  1.2056    0.091192
1.53947  1.21244    0.0879367
1.59197  1.21752    0.0855307
1.63769  1.22137    0.0858386
1.68983  1.22299    0.0829413
1.73681  1.22897    0.0827327
1.79032  1.23102    0.0803121
1.84713  1.23468    0.0791795
1.89596  1.24347    0.0756838
1.93906  1.24989    0.0758521
1.98758  1.25592    0.0731438
2.04282  1.26387    0.0706153
2.09923  1.26817    0.0703354
2.15287  1.27844    0.0674158
2.20262  1.28704    0.0655435
2.24454  1.29472    0.0648778
2.29252  1.30016    0.0643208
2.34123  1.30475    0.0617112
2.38659  1.30529    0.0606882
2.44362  1.30505    0.0586094
2.4937  1.30788    0.0583466
2.53933  1.30979    0.0558251
2.59132  1.31025    0.0546796
2.64546  1.30936    0.0533168
2.69703  1.30774    0.0518408
2.75319  1.30771    0.0507272
2.79516  1.31534    0.0478397
2.845  1.31928    0.0475015
2.89421  1.31699    0.0461729
2.93844  1.31711    0.0459808
2.98215  1.32219    0.0421156
3.03971  1.32492    0.040348
3.08768  1.3327    0.0373671
3.13502  1.33548    0.0357748
3.19249  1.34883    0.0336782
3.24749  1.35216    0.0318108
3.29605  1.35598    0.0312725
3.3488  1.3564    0.030292
3.39965  1.3629    0.0284468
3.44744  1.36787    0.0264143
3.49771  1.36556    0.0257539
3.5478  1.37928    0.0225619
3.59428  1.37931    0.0217507
3.63627  1.38118    0.0198337
3.69122  1.37737    0.0172852
3.74261  1.3762    0.0156661
3.79181  1.3719    0.0144269
3.84411  1.37567    0.0117061
3.90329  1.37935    0.0101912
3.94696  1.38448    0.00829593
3.99358  1.38569    0.00740372
4.04319  1.3894    0.0068552
4.08309  1.39863    0.00384888
4.12772  1.39536    0.00196127
4.172  1.40045    7.83302e-05
4.22115  1.39623    -0.00153165
4.27596  1.39346    -0.00126803
4.33187  1.39295    -0.00382722
4.38641  1.39191    -0.00473137
4.45499  1.39622    -0.00756405
4.5012  1.40042    -0.00793279
4.54872  1.4032    -0.00986746
4.59962  1.40833    -0.0104974
4.65102  1.40946    -0.0130141
4.69782  1.40961    -0.0146991
4.74651  1.41434    -0.0160186
4.79488  1.42055    -0.0186549
4.85106  1.42944    -0.0205242
4.90947  1.42347    -0.0223491
4.95434  1.41791    -0.0219093
5.00003  1.41735    -0.0252604
5.04877  1.42283    -0.0253874
5.09538  1.41748    -0.0282257
5.14407  1.42173    -0.0289774
5.19006  1.42009    -0.0301829
5.23912  1.4169    -0.0322479
5.27716  1.41998    -0.0320833
5.28911  1.42194    -0.0320506
5.29512  1.41273    -0.0321954
5.30739  1.4101    -0.0318452
5.32218  1.41095    -0.0317262
-10010 -10010 -10010
5.3333  1.40914    -0.032137
5.34119  1.41163    -0.0327453
5.34492  1.41685    -0.033197
5.34331  1.42497    -0.0344871
5.35002  1.42022    -0.0340968
5.35234  1.42091    -0.0340143
5.35497  1.42467    -0.0331904
5.34802  1.42197    -0.0330471
5.34808  1.41845    -0.032109
5.35098  1.4187    -0.0321624
5.35506  1.41713    -0.0324108
5.35526  1.42145    -0.0336415
5.35291  1.42739    -0.033652
5.34301  1.4207    -0.0334417
5.3446  1.41284    -0.0327101
5.34666  1.41333    -0.0339923
5.34665  1.42347    -0.0369422
5.3323  1.42742    -0.117216
5.31857  1.43238    -0.232974
5.32576  1.44999    -0.314799
5.31125  1.45079    -0.423148
5.32013  1.46072    -0.512072
5.31997  1.46455    -0.620517
5.31279  1.47463    -0.714143
5.30618  1.48085    -0.813673
5.31135  1.48041    -0.90723
5.29415  1.48618    -1.00219
5.29041  1.49788    -1.09783
5.27913  1.49848    -1.18905
5.29315  1.47925    -1.28754
5.3045  1.46325    -1.38321
5.31138  1.47579    -1.48403
5.29165  1.48359    -1.5351
5.29222  1.48141    -1.47724
5.31743  1.48236    -1.45471
5.31744  1.47721    -1.46691
5.30915  1.47724    -1.47053
5.31269  1.48059    -1.47389
5.30477  1.47688    -1.48746
5.32396  1.46711    -1.55478
5.30383  1.44125    -1.61349
5.29447  1.43273    -1.65347
5.28938  1.43233    -1.69221
5.28541  1.42441    -1.72142
5.28288  1.41698    -1.73985
5.29734  1.4089    -1.75423
5.29373  1.40656    -1.76735
5.29782  1.38546    -1.77643
5.30041  1.35975    -1.78204
5.29224  1.31366    -1.7815
5.27696  1.27103    -1.7635
5.27283  1.22935    -1.74436
5.25996  1.18744    -1.72181
5.26416  1.16911    -1.70342
5.26259  1.11535    -1.68593
5.24993  1.06246    -1.66415
5.24974  1.01259    -1.64163
5.25774  0.977453    -1.61896
5.25365  0.936613    -1.59658
5.24697  0.892814    -1.58078
5.24236  0.850855    -1.5745
5.2384  0.799518    -1.56847
5.24495  0.746378    -1.56509
5.24677  0.685074    -1.56072
5.24329  0.631779    -1.54527
5.25653  0.594174    -1.53335
5.25351  0.556541    -1.5285
5.26041  0.508124    -1.52432
5.27806  0.454143    -1.52161
5.28244  0.404767    -1.52123
5.28035  0.357401    -1.52026
5.29475  0.316647    -1.52035
5.28969  0.270594    -1.51937
5.29175  0.229991    -1.51888
5.29095  0.179902    -1.51797
5.29563  0.125835    -1.51812
5.30035  0.0836206    -1.51745
5.3009  0.0339659    -1.51633
5.31749  -0.0255072    -1.51514
5.31907  -0.0750456    -1.51592
5.3197  -0.121349    -1.51565
5.31388  -0.160654    -1.51444
5.32259  -0.222042    -1.51396
5.33556  -0.267989    -1.51412
5.34753  -0.311908    -1.51283
5.34736  -0.364908    -1.51201
5.35049  -0.416695    -1.5078
5.34735  -0.470916    -1.50078
5.36515  -0.514587    -1.49631
5.37154  -0.564941    -1.49314
5.37929  -0.619684    -1.49105
5.38059  -0.671683    -1.48967
5.38937  -0.719378    -1.4885
5.38278  -0.743591    -1.48886
5.38475  -0.739926    -1.48788
5.37707  -0.747275    -1.48852
5.38012  -0.756724    -1.48818
-10010 -10010 -10010
5.38319  -0.758895    -1.48791
5.38086  -0.765644    -1.48858
5.38871  -0.76533    -1.48818
5.39199  -0.771733    -1.48762
5.38893  -0.77788    -1.48683
5.38874  -0.775079    -1.4869
5.39029  -0.77765    -1.48768
5.38742  -0.782396    -1.48812
5.3857  -0.782338    -1.48727
5.38979  -0.771772    -1.48756
5.39212  -0.772459    -1.48843
5.39368  -0.774683    -1.48892
5.39476  -0.777724    -1.48791
5.38781  -0.778593    -1.48808
5.38512  -0.776732    -1.48724
5.38153  -0.775325    -1.48747
5.38592  -0.777587    -1.48662
5.38119  -0.776851    -1.48699
5.38726  -0.772134    -1.48641
5.38335  -0.764746    -1.48588
5.38352  -0.763146    -1.48705
5.37482  -0.763906    -1.46435
5.38901  -0.759069    -1.41353
5.39129  -0.760102    -1.38157
5.38197  -0.754688    -1.3312
5.39816  -0.746957    -1.2888
5.38612  -0.759143    -1.23795
5.39661  -0.763127    -1.18952
5.39485  -0.769896    -1.1392
5.38736  -0.770547    -1.0885
5.39313  -0.779681    -1.03912
5.40248  -0.789445    -0.988863
5.40247  -0.794847    -0.940182
5.419  -0.795792    -0.889444
5.42763  -0.794378    -0.839293
5.42811  -0.796719    -0.788234
5.43104  -0.799634    -0.735017
5.41939  -0.803024    -0.683976
5.41732  -0.808569    -0.632887
5.42089  -0.817624    -0.580559
5.41648  -0.819462    -0.522869
5.4097  -0.819961    -0.463116
5.4114  -0.828128    -0.402708
5.41566  -0.829375    -0.341285
5.41379  -0.83028    -0.279402
5.41813  -0.829116    -0.218217
5.41684  -0.835144    -0.15604
5.41512  -0.834272    -0.0991499
5.41168  -0.835473    -0.0401791
5.41597  -0.830737    0.0147149
5.4136  -0.832545    0.0689514
5.40334  -0.834494    0.102348
5.4043  -0.833646    0.0818065
5.41961  -0.835876    0.0732718
5.41629  -0.834584    0.0908248
5.40547  -0.838219    0.0983899
5.41359  -0.83641    0.104419
5.41395  -0.836988    0.106707
5.41301  -0.837916    0.109035
5.42058  -0.835587    0.109876
5.41308  -0.832261    0.110681
5.4183  -0.830968    0.110279
5.41698  -0.834488    0.110283
5.4093  -0.831421    0.110371
5.40556  -0.84007    0.110752
5.40735  -0.845178    0.110203
5.40823  -0.850225    0.110382
5.41473  -0.84945    0.112187
5.4172  -0.848614    0.112231
5.43174  -0.848385    0.111903
5.4538  -0.846457    0.112042
5.47653  -0.850896    0.11182
5.49615  -0.851656    0.112688
5.52236  -0.844228    0.112667
5.55551  -0.83782    0.113818
5.5786  -0.833662    0.114942
5.6202  -0.827703    0.115052
5.66837  -0.829394    0.116498
5.70687  -0.822615    0.116822
5.74959  -0.815825    0.117471
5.80322  -0.80942    0.118078
5.85006  -0.79877    0.118742
5.89816  -0.787097    0.1192
5.94519  -0.78327    0.12062
5.99011  -0.780444    0.121382
6.04353  -0.773334    0.12269
6.08812  -0.772421    0.123303
6.13235  -0.765714    0.12431
6.18831  -0.758457    0.125973
6.24169  -0.750384    0.126706
6.28042  -0.742069    0.124275
6.3235  -0.732707    0.113211
6.37599  -0.74016    0.096209
6.4394  -0.73619    0.0761043
6.49064  -0.719748    0.0597477
6.54513  -0.718502    0.0502158
6.57599  -0.714845    0.0434034
6.62484  -0.71393    0.0380558
6.67927  -0.712315    0.0352245
6.72158  -0.714124    0.031474
6.77509  -0.715234    0.0307218
6.82836  -0.714106    0.0274012
6.88312  -0.717198    0.0257335
6.93235  -0.713414    0.0237097
6.97929  -0.712599    0.0217152
7.03066  -0.704368    0.0197901
7.08012  -0.704954    0.0173964
7.13133  -0.698453    0.0154697
7.17435  -0.697264    0.013858
7.21933  -0.694449    0.0137645
7.26764  -0.695216    0.0122333
7.31527  -0.690546    0.0101506
7.37748  -0.686843    0.00760693
7.43715  -0.684708    0.0104906
7.48408  -0.676729    0.0196776
7.52645  -0.673126    0.0256244
7.57546  -0.67556    0.0278148
7.63231  -0.669953    0.0306303
7.68427  -0.664097    0.033296
7.73614  -0.65899    0.0342388
7.78611  -0.653214    0.0360505
7.83612  -0.645554    0.0358967
7.88143  -0.63535    0.0376123
7.92273  -0.634808    0.0380174
7.97222  -0.629442    0.0390727
8.01734  -0.630339    0.0410702
8.06616  -0.631459    0.0403994
8.10838  -0.632586    0.0417024
8.15136  -0.62979    0.042385
8.19973  -0.623439    0.0433333
8.24607  -0.624669    0.0431086
8.29937  -0.623728    0.0446475
8.35398  -0.617555    0.0449251
8.40059  -0.608297    0.0463704
8.45235  -0.602646    0.046758
-10010 -10010 -10010
8.49627  -0.603458    0.0465904
8.558  -0.597207    0.0468592
8.60604  -0.59231    0.0473913
8.65527  -0.596164    0.0490925
8.7084  -0.586931    0.0482718
8.75545  -0.572518    0.0487499
8.80796  -0.575143    0.0480318
8.86173  -0.571573    0.0501975
8.91372  -0.564736    0.0507099
8.96832  -0.560323    0.0510312
9.01991  -0.547884    0.0521215
9.07212  -0.542355    0.0516639
9.12089  -0.538862    0.0520738
9.17176  -0.538692    0.0509463
9.22031  -0.531731    0.0527227
9.26676  -0.532062    0.0535052
9.32192  -0.525346    0.0540965
9.36404  -0.524182    0.054178
9.40943  -0.520817    0.0548489
9.46404  -0.519633    0.0554762
9.50225  -0.509496    0.0558103
9.54559  -0.500593    0.0573287
9.58717  -0.495476    0.0573869
9.64355  -0.493401    0.0586916
9.69657  -0.482407    0.058068
9.74646  -0.486467    0.0595611
9.79552  -0.490136    0.060002
9.84995  -0.487989    0.0613196
9.90124  -0.48127    0.0607971
9.9483  -0.476183    0.0618841
9.99209  -0.468552    0.0635327
10.0409  -0.476825    0.0651818
10.0934  -0.470919    0.0654682
10.1377  -0.46294    0.0664542
10.1953  -0.46388    0.0666309
10.2471  -0.449233    0.067165
10.2904  -0.444564    0.0678021
10.3452  -0.440275    0.0684885
10.3962  -0.431683    0.070433
10.4523  -0.427238    0.0711176
10.5046  -0.423414    0.0718283
10.5606  -0.410833    0.0714747
10.6126  -0.408654    0.0725821
10.6509  -0.406796    0.0738493
10.7083  -0.405833    0.0727471
10.7603  -0.402825    0.073279
10.8056  -0.390141    0.0738469
10.8579  -0.384665    0.0765891
10.9049  -0.383574    0.0766432
10.9625  -0.371221    0.0778765
11.0133  -0.368667    0.0776635
11.0659  -0.370068    0.078896
11.1094  -0.366004    0.0800513
11.164  -0.357565    0.0807058
11.2121  -0.345451    0.0804305
11.2564  -0.340601    0.0808998
11.3121  -0.342504    0.0816956
11.3643  -0.332853    0.082307
11.4097  -0.328111    0.0837138
11.4612  -0.332321    0.0848292
11.5134  -0.327671    0.0856633
11.5559  -0.31904    0.0846445
11.6087  -0.318976    0.0849276
11.6613  -0.321268    0.0842756
11.7188  -0.317971    0.0863949
11.7622  -0.307624    0.0858292
11.8061  -0.311206    0.0870965
11.8566  -0.306039    0.088241
11.8983  -0.299401    0.08813
11.9635  -0.285601    0.089869
12.0114  -0.284651    0.0899054
12.07  -0.281762    0.0879695
12.1202  -0.279263    0.0818249
12.1699  -0.276028    0.0758336
12.2194  -0.266586    0.0687597
12.2692  -0.266291    0.0564474
12.3179  -0.264822    0.0460065
12.3711  -0.259157    0.0375376
12.4253  -0.253201    0.0310697
12.4604  -0.251896    0.0248776
12.5001  -0.251591    0.013103
12.5516  -0.250089    -0.0125475
12.5972  -0.25219    -0.0532213
12.6524  -0.261015    -0.102428
12.7065  -0.259428    -0.146646
12.7543  -0.265051    -0.191858
12.807  -0.265446    -0.233269
12.8564  -0.273382    -0.276921
12.8933  -0.280298    -0.32372
12.937  -0.291507    -0.377299
12.9762  -0.312939    -0.435289
13.0157  -0.332422    -0.495605
13.066  -0.35252    -0.551755
13.1087  -0.381962    -0.607497
13.1536  -0.421661    -0.667925
13.1855  -0.450773    -0.727564
13.2196  -0.47991    -0.779923
13.2586  -0.5135    -0.821604
13.2798  -0.545317    -0.847728
13.3287  -0.60034    -0.860164
13.3631  -0.640317    -0.867903
13.4096  -0.701869    -0.876548
13.4455  -0.728789    -0.882868
13.4779  -0.753255    -0.890081
13.5035  -0.783412    -0.906523
13.5379  -0.811109    -0.941533
13.5499  -0.856149    -0.983799
13.5634  -0.898796    -1.03682
13.5839  -0.934672    -1.08728
13.6079  -0.976345    -1.13774
13.6377  -1.0085    -1.19071
13.6651  -1.06447    -1.24375
13.6779  -1.12011    -1.29308
13.6964  -1.18645    -1.3341
13.7335  -1.25422    -1.36335
13.7444  -1.31662    -1.38027
13.7564  -1.38947    -1.38767
13.7699  -1.44879    -1.39325
13.7858  -1.48525    -1.39781
13.7959  -1.51545    -1.40261
13.8066  -1.55685    -1.40649
13.8187  -1.59208    -1.40882
13.8312  -1.63346    -1.41117
13.839  -1.67595    -1.41295
13.8475  -1.72023    -1.41575
13.8633  -1.7739    -1.41819
13.8835  -1.82124    -1.42027
13.891  -1.86958    -1.42145
13.9013  -1.92748    -1.42459
13.904  -1.9734    -1.42538
13.919  -2.01923    -1.42936
13.92  -2.06627    -1.43186
13.9278  -2.10332    -1.43472
13.9369  -2.14677    -1.43738
13.9426  -2.1977    -1.43998
13.9475  -2.25283    -1.44161
13.9502  -2.30491    -1.4436
13.9522  -2.35429    -1.44588
13.9547  -2.41524    -1.44643
13.9438  -2.4617    -1.44909
13.9595  -2.50853    -1.44977
13.9765  -2.56372    -1.4517
13.9766  -2.61941    -1.4534
13.964  -2.66011    -1.456
13.9703  -2.70194    -1.46175
13.9744  -2.74155    -1.46782
13.9786  -2.79747    -1.48009
13.9838  -2.86765    -1.48823
13.9833  -2.92818    -1.49479
13.9896  -2.97588    -1.49819
14.0076  -3.02004    -1.50327
14.0234  -3.06191    -1.50574
14.021  -3.11177    -1.50773
14.0137  -3.15735    -1.50893
14.0128  -3.19434    -1.5111
14.0262  -3.24695    -1.51348
14.0422  -3.29037    -1.51579
14.0468  -3.3586    -1.51648
14.0499  -3.41354    -1.51816
14.0434  -3.45796    -1.52003
14.0476  -3.51373    -1.52114
14.0515  -3.56422    -1.52356
14.056  -3.61167    -1.52606
14.0402  -3.64499    -1.53799
14.0375  -3.69861    -1.5586
14.0395  -3.75445    -1.58823
14.0491  -3.80202    -1.61575
14.0523  -3.85711    -1.64009
14.0483  -3.91618    -1.65705
14.0379  -3.96894    -1.66672
14.0339  -4.0076    -1.67233
14.0362  -4.04336    -1.67695
14.0401  -4.09972    -1.68022
14.0322  -4.15457    -1.68222
14.024  -4.20729    -1.68601
14.0141  -4.25233    -1.69249
14.017  -4.29897    -1.71225
14.0004  -4.34108    -1.74038
13.9882  -4.3896    -1.76523
13.9749  -4.44308    -1.78542
13.9688  -4.49284    -1.80038
13.9529  -4.54254    -1.80658
13.9453  -4.58965    -1.81335
13.9408  -4.6451    -1.81756
13.9318  -4.68702    -1.82051
13.9213  -4.73518    -1.82267
13.8999  -4.78049    -1.82323
13.8942  -4.82401    -1.82579
13.8879  -4.87032    -1.82629
13.8783  -4.9237    -1.82832
13.8624  -4.97183    -1.82963
13.8373  -5.01471    -1.83178
13.8304  -5.05908    -1.83293
13.8118  -5.11742    -1.8349
13.8003  -5.16566    -1.83608
13.7985  -5.20549    -1.83776
13.7873  -5.25599    -1.83949
13.7713  -5.3037    -1.83996
13.7681  -5.3458    -1.84237
13.768  -5.40314    -1.84339
13.7537  -5.463    -1.8452
13.7368  -5.5159    -1.84684
13.712  -5.55573    -1.84696
13.7002  -5.60369    -1.84777
13.6779  -5.65696    -1.84864
13.664  -5.7047    -1.84976
13.6721  -5.75955    -1.85143
13.6602  -5.80984    -1.85358
13.6377  -5.85482    -1.85426
13.6254  -5.89816    -1.85568
13.6048  -5.95085    -1.85682
13.5957  -6.0053    -1.85733
13.5899  -6.04821    -1.85775
13.5652  -6.09689    -1.85912
13.5621  -6.14537    -1.86075
13.5539  -6.1993    -1.86252
13.5315  -6.23768    -1.86206
13.5194  -6.29554    -1.86335
13.5097  -6.33855    -1.86455
13.4873  -6.3907    -1.86525
13.4864  -6.43424    -1.86733
13.4722  -6.48829    -1.86778
13.4563  -6.54294    -1.86944
13.4617  -6.5853    -1.86964
13.4494  -6.62993    -1.87115
13.4323  -6.68042    -1.87242
13.4085  -6.72978    -1.87368
13.3981  -6.79176    -1.87391
13.3765  -6.83574    -1.87386
13.3643  -6.88326    -1.87481
13.3638  -6.92873    -1.87604
13.3348  -6.98226    -1.87689
13.3037  -7.03529    -1.87786
13.287  -7.07877    -1.87933
13.2704  -7.1315    -1.87997
13.2543  -7.16865    -1.88144
13.2394  -7.21213    -1.88235
13.2387  -7.26639    -1.88321
13.2161  -7.31958    -1.88365
13.2081  -7.36347    -1.8841
13.1989  -7.41732    -1.88586
13.1877  -7.46316    -1.88636
13.1725  -7.51103    -1.88715
13.167  -7.55087    -1.88872
13.1406  -7.5965    -1.89034
13.1152  -7.64672    -1.89163
13.1028  -7.69159    -1.89198
13.0875  -7.74435    -1.89289
13.0575  -7.79687    -1.89241
13.0482  -7.85747    -1.88898
13.044  -7.90078    -1.88016
13.0465  -7.94677    -1.87122
13.0233  -7.9886    -1.86532
12.999  -8.03866    -1.86225
12.9845  -8.09048    -1.86097
12.9696  -8.13289    -1.86017
12.9529  -8.17787    -1.85963
12.9388  -8.2306    -1.85857
12.9368  -8.29376    -1.84926
12.9241  -8.35569    -1.82624
12.8943  -8.39493    -1.81051
12.8855  -8.44301    -1.80258
12.8658  -8.4778    -1.79737
12.8538  -8.52539    -1.79519
12.8516  -8.57157    -1.79502
12.8462  -8.6261    -1.79435
12.8457  -8.67098    -1.79373
12.8457  -8.73569    -1.79403
12.8407  -8.77636    -1.79436
12.8304  -8.8168    -1.79379
12.8275  -8.86683    -1.79397
12.8178  -8.91766    -1.79329
12.7921  -8.96586    -1.79227
12.7918  -9.01148    -1.79242
12.777  -9.05008    -1.79137
12.7605  -9.11035    -1.78961
12.7477  -9.15968    -1.78942
12.7383  -9.21507    -1.78841
12.7314  -9.26837    -1.78836
12.7109  -9.33781    -1.78782
12.7019  -9.42593    -1.78649
12.6841  -9.52772    -1.78525
12.6591  -9.62863    -1.78481
12.6312  -9.72166    -1.78454
12.6162  -9.81467    -1.78397
12.5939  -9.90583    -1.78183
12.5802  -10.0243    -1.77025
12.5715  -10.123    -1.75143
12.5604  -10.2197    -1.7133
12.5688  -10.3237    -1.67461
12.5683  -10.4106    -1.65187
12.5502  -10.5185    -1.64181
12.549  -10.6214    -1.63113
12.5487  -10.7237    -1.62495
12.5387  -10.8071    -1.623
12.5311  -10.8984    -1.62107
12.5355  -11.0037    -1.62161
12.5417  -11.1233    -1.61929
12.531  -11.2146    -1.6195
12.5347  -11.3145    -1.61827
12.5347  -11.4122    -1.61714
12.5368  -11.5131    -1.61632
12.5392  -11.6067    -1.61575
12.5372  -11.6984    -1.6154
12.5332  -11.795    -1.61409
12.535  -11.8973    -1.61286
12.5409  -12.0017    -1.61228
12.531  -12.1037    -1.611
12.5359  -12.2149    -1.60972
12.5319  -12.3058    -1.60955
12.5252  -12.4135    -1.60897
12.5193  -12.508    -1.60712
12.5302  -12.6072    -1.6058
12.5132  -12.699    -1.60556
12.5149  -12.8082    -1.60562
12.5037  -12.9107    -1.60353
12.4939  -13.0063    -1.60272
12.4933  -13.1178    -1.60202
12.4929  -13.2066    -1.60168
12.4936  -13.3042    -1.60048
12.5071  -13.3998    -1.60072
12.5094  -13.4986    -1.59932
12.5159  -13.6009    -1.59928
12.5176  -13.7013    -1.59773
12.5025  -13.803    -1.59638
12.5078  -13.8983    -1.59618
12.5057  -14.0002    -1.59491
12.5042  -14.1027    -1.594
12.502  -14.2013    -1.59362
12.5016  -14.2982    -1.59386
12.5036  -14.3985    -1.59344
12.5102  -14.5051    -1.59475
12.5165  -14.6082    -1.5925
12.5147  -14.7078    -1.59235
12.5195  -14.8119    -1.59111
12.5275  -14.9075    -1.59082
12.5182  -15.0166    -1.58964
12.5149  -15.1151    -1.58752
12.5158  -15.2128    -1.58993
12.5146  -15.3089    -1.58689
12.5157  -15.4148    -1.58841
12.5095  -15.5078    -1.58507
12.5096  -15.6128    -1.58499
12.5239  -15.7089    -1.5863
12.525  -15.7916    -1.59846
12.5265  -15.8942    -1.60733
12.5289  -15.9982    -1.62087
12.5207  -16.1037    -1.64923
12.5224  -16.2076    -1.67668
12.5245  -16.3026    -1.71046
12.5102  -16.4014    -1.74198
12.4977  -16.4969    -1.774
12.4745  -16.5958    -1.80707
12.4495  -16.6884    -1.8426
12.4193  -16.7784    -1.88048
12.3881  -16.8705    -1.92389
12.3488  -16.9585    -1.97261
12.3084  -17.0528    -2.01885
12.2607  -17.1419    -2.07412
12.2088  -17.232    -2.13155
12.153  -17.3077    -2.19216
12.091  -17.3815    -2.25576
12.0269  -17.4523    -2.32085
11.9566  -17.5237    -2.38899
11.8783  -17.5876    -2.45433
11.7964  -17.6521    -2.52172
11.7171  -17.7129    -2.58705
11.6283  -17.7676    -2.65219
11.5432  -17.8156    -2.71392
11.4467  -17.8638    -2.777
11.3624  -17.9077    -2.83746
11.2806  -17.933    -2.8775
11.1847  -17.9607    -2.89444
-10010 -10010 -10010
11.0853  -17.9897    -2.89777
10.9759  -18.0156    -2.90421
10.8743  -18.0425    -2.90897
10.7669  -18.0691    -2.91489
10.669  -18.1011    -2.90188
10.5605  -18.1212    -2.89396
10.4395  -18.1508    -2.89468
10.337  -18.1776    -2.89861
10.2391  -18.211    -2.90568
10.1431  -18.2299    -2.9135
10.0408  -18.251    -2.9184
9.94389  -18.2729    -2.91987
9.84749  -18.2863    -2.92063
9.75211  -18.3073    -2.91911
9.65455  -18.3303    -2.92004
9.55238  -18.3588    -2.92129
9.44298  -18.3788    -2.91619
9.34587  -18.4052    -2.9174
9.25485  -18.431    -2.91523
9.15462  -18.4565    -2.91692
9.05988  -18.4875    -2.91908
8.96647  -18.511    -2.91744
8.86585  -18.5414    -2.91764
8.76673  -18.5575    -2.91827
8.67006  -18.5856    -2.91609
8.5828  -18.611    -2.91636
8.47717  -18.6456    -2.91526
8.37728  -18.6652    -2.91466
8.28709  -18.6922    -2.91409
8.18561  -18.7168    -2.91262
8.08733  -18.7481    -2.91206
7.99381  -18.7696    -2.91286
7.89696  -18.7944    -2.91124
7.79743  -18.8226    -2.92914
7.70551  -18.8416    -2.94908
7.60929  -18.8578    -2.97163
7.52228  -18.866    -2.99356
7.42892  -18.8815    -3.00616
7.33136  -18.8898    -3.02188
7.23027  -18.9079    -3.02839
7.13964  -18.9102    -3.0325
7.03071  -18.9295    -3.03833
6.93822  -18.9368    -3.04
6.83795  -18.9461    -3.0413
6.74133  -18.9521    -3.04711
6.6282  -18.9693    -3.04889
6.52645  -18.9896    -3.05406
6.426  -18.9988    -3.05766
6.33331  -19.0116    -3.06154
6.22799  -19.0295    -3.06415
6.12678  -19.0411    -3.0695
6.02491  -19.0478    -3.07426
5.93061  -19.0609    -3.07872
5.82139  -19.0711    -3.08349
5.71759  -19.0748    -3.08857
5.62399  -19.0884    -3.09423
5.52396  -19.0952    -3.09598
5.42619  -19.1039    -3.09685
5.32052  -19.1117    -3.10106
5.21536  -19.1228    -3.10536
5.11164  -19.1265    -3.1104
5.00771  -19.1395    -3.10985
4.90839  -19.143    -3.11628
4.80214  -19.1492    -3.11864
4.69651  -19.1641    -3.12256
4.59171  -19.1664    -3.12733
4.49562  -19.1693    -3.12929
4.38907  -19.1686    -3.13369
4.288  -19.1626    -3.13574
4.18212  -19.1663    -3.13906
4.07609  -19.1642    -3.13946
3.98101  -19.1641    3.13905
3.88437  -19.1703    3.13579
3.78391  -19.1766    3.13217
3.68548  -19.1788    3.12901
3.58946  -19.1923    3.12496
3.49895  -19.1934    3.12227
3.40123  -19.1976    3.12165
3.30213  -19.199    3.11853
3.19712  -19.201    3.11653
3.09593  -19.2    3.11413
2.99786  -19.1981    3.11233
2.8971  -19.1934    3.11125
2.79925  -19.1925    3.11021
2.70162  -19.1848    3.11303
2.61058  -19.1778    3.11231
2.51144  -19.1749    3.11278
2.41503  -19.1739    3.11045
2.31389  -19.1717    3.11225
2.2163  -19.1708    3.1133
2.11902  -19.1682    3.12279
2.01873  -19.171    3.12895
1.92119  -19.1687    3.13046
1.81616  -19.1687    3.13371
1.71017  -19.1698    3.13564
1.60294  -19.1734    3.13817
1.51083  -19.18    -3.13689
1.39994  -19.1863    -3.12461
1.2987  -19.1894    -3.11787
1.19338  -19.1992    -3.11408
1.08661  -19.2013    -3.11141
0.987742  -19.2058    -3.11021
0.894367  -19.2114    -3.10912
0.796452  -19.2204    -3.11032
0.699739  -19.2261    -3.10933
0.602033  -19.2241    -3.10749
0.496844  -19.2318    -3.10547
0.398136  -19.2342    -3.10549
0.291723  -19.2412    -3.10426
0.195998  -19.2495    -3.09752
0.0982846  -19.2531    -3.10069
0.0037654  -19.2592    -3.10235
-0.0911089  -19.2641    -3.10272
-0.20251  -19.2678    -3.0999
-0.307311  -19.2814    -3.09823
-0.403722  -19.2908    -3.09702
-0.501097  -19.2992    -3.09545
-0.596009  -19.3057    -3.09873
-0.711259  -19.3182    -3.09621
-0.804467  -19.3216    -3.09565
-0.909146  -19.328    -3.09549
-0.995575  -19.337    -3.09492
-1.09914  -19.3414    -3.09356
-1.20104  -19.3454    -3.09361
-1.30107  -19.3619    -3.09315
-1.40624  -19.3718    -3.09114
-1.50113  -19.37    -3.09227
-1.59076  -19.38    -3.08993
-1.692  -19.3909    -3.08842
-1.79557  -19.3927    -3.08264
-1.89641  -19.389    -3.07965
-1.99345  -19.3913    -3.07511
-2.09908  -19.4018    -3.07298
-2.19589  -19.4067    -3.07201
-2.2918  -19.4113    -3.07158
-2.40379  -19.4195    -3.06968
-2.5116  -19.4295    -3.06806
-2.60896  -19.436    -3.06741
-2.69477  -19.4519    -3.06719
-2.78444  -19.4655    -3.06152
-2.87852  -19.4856    -3.04911
-2.97849  -19.5148    -3.03434
-3.07858  -19.5221    -3.01929
-3.17011  -19.5528    -3.00566
-3.27206  -19.5697    -2.98803
-3.36592  -19.5922    -2.9677
-3.4717  -19.6158    -2.9458
-3.5754  -19.6416    -2.92059
-3.67174  -19.6591    -2.89324
-3.75485  -19.6783    -2.86431
-3.84528  -19.7132    -2.82899
-3.94134  -19.761    -2.78478
-4.04222  -19.8109    -2.73185
-4.13426  -19.8582    -2.6608
-4.22753  -19.9197    -2.57854
-4.30931  -19.962    -2.4903
-4.38383  -20.0147    -2.4024
-4.44546  -20.0935    -2.30786
-4.49897  -20.1846    -2.20012
-4.57336  -20.2476    -2.08753
-4.61092  -20.3309    -1.98027
-4.65413  -20.4195    -1.87817
-4.67177  -20.5059    -1.78253
-4.68874  -20.6033    -1.73554
-4.70694  -20.7089    -1.72174
-4.71844  -20.82    -1.70732
-4.73234  -20.9311    -1.6902
-4.73327  -21.0285    -1.67407
-4.72097  -21.1085    -1.66679
-4.71093  -21.2139    -1.65772
-4.71351  -21.2998    -1.63347
-4.70442  -21.3933    -1.61086
-4.69441  -21.4961    -1.5826
-4.70522  -21.5943    -1.55687
-4.68888  -21.692    -1.54777
-4.67412  -21.8001    -1.53549
-4.68005  -21.8976    -1.53202
-4.66683  -21.9933    -1.53085
-4.66699  -22.0951    -1.52941
-4.65522  -22.1866    -1.52796
-4.64001  -22.2915    -1.5259
-4.61878  -22.3953    -1.5258
-4.61288  -22.5067    -1.52252
-4.59919  -22.6063    -1.52098
-4.59811  -22.6889    -1.51898
-4.57784  -22.7955    -1.51775
-4.56764  -22.8974    -1.51653
-4.56124  -22.9902    -1.51569
-4.55128  -23.099    -1.51514
-4.5456  -23.1995    -1.51334
-4.53806  -23.2972    -1.51193
-4.53299  -23.3959    -1.50852
-4.52957  -23.4852    -1.50711
-4.5291  -23.5862    -1.50533
-4.52986  -23.6928    -1.50434
-4.51618  -23.7983    -1.50238
-4.49374  -23.8905    -1.50162
-4.49399  -23.9948    -1.50034
-4.4903  -24.0967    -1.49786
-4.48092  -24.1878    -1.49858
-4.46557  -24.2898    -1.49698
-4.45655  -24.3869    -1.49561
-4.45176  -24.4937    -1.49284
-4.43642  -24.5928    -1.49283
-4.41696  -24.6987    -1.48987
-4.41397  -24.8037    -1.48828
-4.40582  -24.9017    -1.4875
-4.39567  -24.9808    -1.48505
-4.38919  -25.0514    -1.48321
-4.38263  -25.1138    -1.48286
-4.38206  -25.1355    -1.48241
-4.38083  -25.137    -1.48188
-4.38082  -25.1498    -1.48203
-4.3718  -25.1649    -1.48297
-4.36951  -25.1656    -1.48225
-10010 -10010 -10010
-4.36534  -25.1566    -1.48301
-4.37257  -25.157    -1.48218
-4.37623  -25.1638    -1.48238
-4.37291  -25.1584    -1.48231
-4.37466  -25.1586    -1.48263
-4.37635  -25.1582    -1.48158
-4.37427  -25.1545    -1.48296
-4.36897  -25.1475    -1.48306
-4.36889  -25.1513    -1.48288
-4.36289  -25.1537    -1.48273
-4.36358  -25.1549    -1.48444
-4.37157  -25.1525    -1.48387
-4.37249  -25.1531    -1.48592
-4.36518  -25.1525    -1.48666
-4.36856  -25.1543    -1.4872
-4.37506  -25.1567    -1.48808
-4.37437  -25.1634    -1.48964
-4.39078  -25.1506    -1.55213
-4.3982  -25.1412    -1.70028
-4.41164  -25.1468    -1.81202
-4.41857  -25.1537    -1.93814
-4.43355  -25.1615    -2.07063
-4.44662  -25.1581    -2.18446
-4.44919  -25.1544    -2.30208
-4.44631  -25.1584    -2.41385
-4.44448  -25.1565    -2.53638
-4.43229  -25.1609    -2.66811
-4.41819  -25.1545    -2.80157
-4.39794  -25.1564    -2.9364
-4.38753  -25.1423    -3.07123
-4.37077  -25.1549    3.07669
-4.36345  -25.1558    2.94377
-4.35117  -25.165    2.80809
-4.34521  -25.1634    2.67301
-4.33456  -25.1745    2.53643
-4.33225  -25.1813    2.40183
-4.33032  -25.189    2.26519
-4.32932  -25.2039    2.13117
-4.3323  -25.1997    1.99681
-4.33205  -25.1981    1.86697
-4.3368  -25.1956    1.78525
-4.33257  -25.1975    1.83263
-4.33594  -25.2003    1.8599
-4.32528  -25.2063    1.85091
-4.32412  -25.2078    1.84837
-4.32316  -25.2152    1.84684
-4.32108  -25.2172    1.836
-4.31576  -25.2216    1.82998
-4.31519  -25.2196    1.82503
-4.31333  -25.2189    1.81955
-4.31986  -25.2223    1.8155
-4.32433  -25.2241    1.81465
-4.33175  -25.2275    1.81038
-4.34387  -25.228    1.79648
-4.36646  -25.2196    1.78918
-4.38652  -25.212    1.77514
-4.37336  -25.2206    1.71791
-4.3775  -25.2174    1.63395
-4.3837  -25.2281    1.58843
-4.39363  -25.2144    1.56491
-4.39817  -25.2086    1.6317
-4.39488  -25.199    1.64733
-4.40297  -25.1928    1.62148
-4.411  -25.1827    1.61117
-4.39861  -25.2048    1.59741
-4.38523  -25.2148    1.57628
-4.39867  -25.1899    1.56584
-4.39934  -25.1824    1.54989
-4.40081  -25.1683    1.54701
-4.38784  -25.1713    1.54134
-4.38303  -25.175    1.54191
-4.38599  -25.1755    1.54186
-4.3859  -25.1849    1.54094
-4.3838  -25.184    1.54257
-4.38394  -25.1785    1.54249
-4.391  -25.1789    1.543
-4.38638  -25.1767    1.54174
-4.3836  -25.1754    1.54128
-4.38143  -25.1537    1.54119
-4.37263  -25.1232    1.5392
-4.36828  -25.0865    1.53687
-4.36369  -25.0212    1.53569
-4.35271  -24.9352    1.53157
-4.35133  -24.8457    1.52817
-4.35042  -24.7567    1.52149
-4.33967  -24.6694    1.51657
-4.33883  -24.5736    1.51369
-4.3343  -24.4811    1.50991
-4.33506  -24.3879    1.50704
-4.33157  -24.2931    1.50204
-4.33256  -24.1888    1.49833
-4.33131  -24.0949    1.49756
-4.3214  -23.9826    1.50342
-4.33164  -23.8701    1.52014
-4.32638  -23.782    1.52728
-4.32665  -23.6813    1.53208
-4.31752  -23.5786    1.54258
-4.32345  -23.4763    1.55014
-4.32687  -23.38    1.55711
-4.3245  -23.2776    1.56392
-4.33316  -23.1816    1.56985
-4.33811  -23.0764    1.58106
-4.34511  -22.9697    1.59659
-4.35316  -22.8663    1.61129
-4.36258  -22.7669    1.62887
-4.37166  -22.6648    1.64409
-4.36858  -22.5666    1.65987
-4.38432  -22.4696    1.67732
-4.39602  -22.3708    1.69735
-4.41693  -22.2705    1.71751
-4.44116  -22.1666    1.73973
-4.46228  -22.0723    1.76536
-4.48389  -21.9709    1.79092
-4.50888  -21.8713    1.81345
-4.54446  -21.7709    1.84409
-4.56453  -21.6661    1.87763
-4.59024  -21.5592    1.92061
-4.64181  -21.4639    1.96569
-4.68099  -21.3666    2.0149
-4.73704  -21.2678    2.07101
-4.80081  -21.184    2.14403
-4.8843  -21.102    2.23582
-4.97042  -21.0248    2.35174
-5.04999  -20.9614    2.47599
-5.12547  -20.8996    2.61087
-5.22381  -20.8567    2.74099
-5.32245  -20.8266    2.87069
-5.42379  -20.8273    2.98978
-5.53138  -20.8193    3.04691
-5.64007  -20.8228    3.06069
-5.74656  -20.8165    3.07051
-5.85458  -20.8164    3.0819
-5.95675  -20.8175    3.09452
-6.04711  -20.8118    3.08121
-6.14453  -20.8151    3.06336
-6.24373  -20.813    3.05209
-6.33484  -20.8038    3.04444
-6.42455  -20.791    3.03693
-6.51338  -20.7748    3.03199
-6.60334  -20.7671    3.02946
-6.71173  -20.758    3.02593
-6.80837  -20.7537    3.02047
-6.91191  -20.7394    3.01749
-7.01469  -20.7329    3.01671
-7.11645  -20.7295    3.01176
-7.21359  -20.7164    3.00632
-7.30485  -20.7116    3.00406
-7.39806  -20.6957    3.00113
-7.49271  -20.6812    2.99982
-7.59583  -20.6753    3.00447
-7.69568  -20.6745    3.02556
-7.79969  -20.6704    3.03743
-7.90295  -20.6621    3.044
-7.99754  -20.65    3.04751
-8.10293  -20.6433    3.04758
-8.19508  -20.6376    3.04999
-8.29899  -20.6279    3.0507
-8.39789  -20.6213    3.05238
-8.50923  -20.6119    3.05333
-8.60653  -20.6087    3.0543
-8.70528  -20.6033    3.05874
-8.79648  -20.594    3.0765
-8.90567  -20.5924    3.08946
-9.00347  -20.5836    3.09602
-9.10971  -20.5848    3.09845
-9.21254  -20.5865    3.09991
-9.31549  -20.5863    3.10033
-9.42177  -20.5865    3.10189
-9.52625  -20.5902    3.108
-9.63214  -20.5861    3.12259
-9.72082  -20.5734    3.1323
-9.82271  -20.5697    3.13962
-9.93041  -20.572    -3.14149
-10.0246  -20.5686    -3.13833
-10.1197  -20.5734    -3.13457
-10.2205  -20.5846    -3.13403
-10.3207  -20.5937    -3.13372
-10.4183  -20.5917    -3.13393
-10.5185  -20.5886    -3.12927
-10.6206  -20.5905    -3.12817
-10.715  -20.5917    -3.12702
-10.817  -20.599    -3.12465
-10.9226  -20.6009    -3.12527
-11.0194  -20.6024    -3.12277
-11.1223  -20.6066    -3.1142
-11.2223  -20.6112    -3.11573
-11.3177  -20.6166    -3.11322
-11.4182  -20.6223    -3.11192
-11.5138  -20.6278    -3.10459
-11.6165  -20.6238    -3.10777
-11.7195  -20.6309    -3.10479
-11.8199  -20.6357    -3.1057
-11.9164  -20.6344    -3.11388
-12.0196  -20.6382    -3.10954
-12.1231  -20.6452    -3.10577
-12.2201  -20.6492    -3.10646
-12.3164  -20.6571    -3.11014
-12.4198  -20.6664    -3.10422
-12.5268  -20.6611    -3.10321
-12.6305  -20.6641    -3.10507
-12.7331  -20.6678    -3.0984
-12.8328  -20.6719    -3.09602
-12.9342  -20.6719    -3.0918
-13.038  -20.6765    -3.0958
-13.1336  -20.6751    -3.09073
-13.2275  -20.683    -3.09302
-13.3245  -20.6915    -3.09013
-13.4276  -20.7005    -3.08399
-13.527  -20.7119    -3.08272
-13.6316  -20.7168    -3.07702
-13.7281  -20.7229    -3.08212
-13.8314  -20.7287    -3.08295
-13.9357  -20.7373    -3.08031
-14.0312  -20.7407    -3.07587
-14.1317  -20.7528    -3.07976
-14.2272  -20.7648    -3.07382
-14.3305  -20.7748    -3.07615
-14.4341  -20.7795    -3.0758
-14.5286  -20.7849    -3.08352
-14.6258  -20.7926    -3.07788
-14.7279  -20.8003    -3.07504
-14.8206  -20.8066    -3.07172
-14.9242  -20.8105    -3.05796
-15.0305  -20.8196    -3.06483
-15.1244  -20.8287    -3.06923
-15.2324  -20.8385    -3.07062
-15.3309  -20.8434    -3.07057
-15.4274  -20.8518    -3.05687
-15.5252  -20.8571    -3.05939
-15.6186  -20.8666    -3.05716
-15.715  -20.8806    -3.05459
-15.8117  -20.8887    -3.05427
-15.9167  -20.8975    -3.05467
-16.0096  -20.9098    -3.05241
-16.1017  -20.9257    -3.04274
-16.2089  -20.9377    -3.05155
-16.3031  -20.9516    -3.04823
-16.401  -20.9651    -3.04274
-16.497  -20.9746    -3.04824
-16.5933  -20.9874    -3.05213
-16.7023  -20.9976    -3.05215
-16.7964  -21.0035    -3.07223
-16.8997  -21.0089    -3.06839
-16.9941  -21.0156    -3.07082
-17.0903  -21.0204    -3.07858
-17.1866  -21.0306    -3.08128
-17.2817  -21.0417    -3.07438
-17.3771  -21.0468    -3.07656
-17.4681  -21.054    -3.08229
-17.5708  -21.0603    -3.09806
-17.671  -21.0626    -3.10472
-17.7697  -21.064    -3.11133
-17.8721  -21.0676    -3.10921
-17.9781  -21.0704    -3.10476
-18.0807  -21.0729    -3.10112
-18.1859  -21.0774    -3.1093
-18.2902  -21.0844    -3.11157
-18.3947  -21.0913    -3.13576
-18.4969  -21.0951    -3.1312
-18.6012  -21.099    -3.12461
-18.6963  -21.1004    -3.12539
-18.7928  -21.1086    -3.12511
-18.8982  -21.1094    -3.12986
-18.9996  -21.1026    -3.13363
-19.0958  -21.1023    -3.13272
-19.1998  -21.1054    -3.13048
-19.2991  -21.1048    -3.12247
-19.3993  -21.1109    -3.12504
-19.4961  -21.1093    -3.13491
-19.5972  -21.1109    -3.14076
-19.6971  -21.1117    -3.13012
-19.7962  -21.1109    -3.12953
-19.8956  -21.1129    -3.12757
-19.9961  -21.1142    -3.12517
-20.095  -21.1163    -3.12355
-20.1936  -21.117    -3.12281
-20.2868  -21.1201    -3.11627
-20.3851  -21.1248    -3.11598
-20.4707  -21.1297    -3.0992
-20.572  -21.1354    -3.09309
-20.6707  -21.1405    -3.08859
-20.7736  -21.1469    -3.08432
-20.8728  -21.1529    -3.08712
-20.9701  -21.1638    -3.08063
-21.0733  -21.1721    -3.07953
-21.1776  -21.1803    -3.07803
-21.2846  -21.188    -3.07413
-21.3865  -21.1986    -3.08396
-21.4891  -21.2056    -3.08981
-21.5846  -21.2135    -3.0869
-21.6785  -21.2225    -3.08955
-21.7777  -21.2265    -3.0923
-21.8749  -21.229    -3.11152
-21.9783  -21.2336    -3.12072
-22.0724  -21.242    -3.12094
-22.1703  -21.2458    -3.11691
-22.2673  -21.2522    -3.12198
-22.3713  -21.2562    -3.11203
-22.4654  -21.2632    -3.11817
-22.5614  -21.2686    -3.10614
-22.6694  -21.2772    -3.10949
-22.7686  -21.2804    -3.10632
-22.8718  -21.2871    -3.11189
-22.9733  -21.2911    -3.11926
-23.076  -21.3012    -3.09724
-23.1723  -21.3111    -3.09747
-23.2748  -21.319    -3.10185
-23.371  -21.3307    -3.08395
-23.4706  -21.3379    -3.07312
-23.572  -21.3485    -3.07955
-23.6656  -21.3598    -3.07658
-23.7631  -21.3732    -3.07828
-23.8547  -21.387    -3.08294
-23.9558  -21.3961    -3.08506
-24.0578  -21.4063    -3.08071
-24.1668  -21.4225    -3.07837
-24.269  -21.4387    -3.07603
-24.3716  -21.4548    -3.0679
-24.4612  -21.4712    -3.06263
-24.5613  -21.4827    -3.05643
-24.6631  -21.4936    -3.06519
-24.7654  -21.5033    -3.06786
-24.8648  -21.5167    -3.06593
-24.9666  -21.5255    -3.06755
-25.0693  -21.5312    -3.06862
-25.1688  -21.5408    -3.06727
-25.2757  -21.5533    -3.06551
-25.379  -21.5678    -3.06548
-25.4728  -21.5761    -3.06389
-25.5409  -21.5844    -3.06276
-25.5846  -21.5856    -3.06131
-25.6149  -21.5931    -3.05896
-25.622  -21.6008    -3.05617
-25.6135  -21.6024    -3.05559
-25.6132  -21.605    -3.05621
-25.6238  -21.6052    -3.05818
-25.6287  -21.6098    -3.05919
-10010 -10010 -10010
-25.6377  -21.6112    -3.05806
-25.6401  -21.6157    -3.05757
-25.6456  -21.6201    -3.05769
-25.6482  -21.6225    -3.05992
-25.6493  -21.6235    -3.05896
-25.6497  -21.626    -3.06175
-25.6583  -21.6348    -3.05984
-25.6622  -21.6373    -3.05878
-25.6636  -21.6423    -3.05628
-25.6638  -21.6444    -3.05996
-25.6693  -21.6455    -3.0615
-25.6702  -21.648    -3.05834
-25.6704  -21.6502    -3.05942
-25.6734  -21.6491    -3.0593
-25.6802  -21.6521    -3.05699
-25.6818  -21.6533    -3.05993
-25.6851  -21.6572    -3.06003
-25.684  -21.659    -3.05683
-25.6833  -21.6563    -3.05671
-25.6829  -21.6587    -3.0587
-25.6793  -21.6598    -3.07242
-25.6816  -21.6589    -3.11933
-25.6791  -21.658    -3.13872
-25.6855  -21.6586    3.08285
-25.6868  -21.656    3.05045
-25.6906  -21.6568    2.99607
-25.6869  -21.6599    2.95471
-25.6832  -21.6605    2.91078
-25.6816  -21.6601    2.86422
-25.6748  -21.6576    2.82252
-25.6777  -21.6561    2.77276
-25.6757  -21.6591    2.73295
-25.6742  -21.6581    2.68173
-25.6769  -21.6606    2.64265
-25.6829  -21.6585    2.5946
-25.6808  -21.6588    2.54977
-25.6754  -21.6586    2.50576
-25.6749  -21.6604    2.45488
-25.6765  -21.6614    2.41808
-25.6744  -21.6619    2.36723
-25.6695  -21.6626    2.30541
-25.6655  -21.6615    2.3199
-25.6639  -21.6612    2.37325
-25.6535  -21.6762    2.2842
-25.6553  -21.6751    2.27551
-25.6513  -21.6759    2.21672
-25.6534  -21.6772    2.17348
-25.6476  -21.6718    2.11579
-25.6454  -21.6751    2.06915
-25.6473  -21.6748    2.03181
-25.6493  -21.6744    1.97567
-25.6521  -21.6742    1.94694
-25.6529  -21.6723    1.93401
-25.6522  -21.6735    1.95652
-25.6548  -21.674    1.95107
-25.6606  -21.6746    1.93441
-25.6658  -21.6734    1.93016
-25.6698  -21.6732    1.92789
-25.6729  -21.6717    1.92647
-25.6774  -21.6736    1.92526
-25.6767  -21.6739    1.92741
-25.6853  -21.6726    1.92889
-25.687  -21.6698    1.92407
-25.6944  -21.6596    1.90748
-25.7023  -21.6479    1.89196
-25.6995  -21.6344    1.88224
-25.7082  -21.6187    1.86805
-25.7095  -21.5998    1.85677
-25.7211  -21.5803    1.85209
-25.7238  -21.549    1.84904
-25.7358  -21.5069    1.84532
-25.7505  -21.4586    1.844
-25.7731  -21.405    1.83994
-25.7987  -21.3404    1.83648
-25.8286  -21.2526    1.83078
-25.8542  -21.16    1.82536
-25.8814  -21.0648    1.8204
-25.9042  -20.975    1.81669
-25.9247  -20.8749    1.8138
-25.9462  -20.7805    1.80936
-25.9719  -20.6857    1.80531
-25.9915  -20.593    1.80234
-26.02  -20.4954    1.79664
-26.0454  -20.4013    1.79263
-26.0726  -20.309    1.7875
-26.1063  -20.2157    1.7854
-26.1279  -20.1187    1.78161
-26.1554  -20.025    1.77084
-26.1767  -19.9302    1.75799
-26.2006  -19.833    1.74552
-26.2269  -19.7344    1.73368
-26.2464  -19.6378    1.72791
-26.2657  -19.5385    1.72427
-26.2816  -19.4392    1.72069
-26.2958  -19.3352    1.70599
-26.3153  -19.2444    1.69278
-26.334  -19.1458    1.68246
-26.3438  -19.0457    1.67869
-26.3568  -18.9454    1.67169
-26.3744  -18.8473    1.67066
-26.3856  -18.7473    1.66478
-26.3928  -18.6467    1.66046
-26.4022  -18.5525    1.65686
-26.4098  -18.4545    1.65197
-26.4192  -18.3642    1.64711
-26.43  -18.2922    1.64439
-26.4373  -18.2463    1.63872
-26.4501  -18.2197    1.64063
-26.4477  -18.2137    1.63735
-26.4596  -18.2208    1.63805
-26.459  -18.2233    1.63607
-26.4626  -18.2135    1.63635
-26.4635  -18.2152    1.6362
-26.4687  -18.2091    1.63547
-26.4759  -18.2028    1.63801
-26.4793  -18.1982    1.6373
-26.4847  -18.196    1.63966
-26.4897  -18.1956    1.63654
-26.492  -18.1914    1.63775
-26.491  -18.188    1.63477
-26.4941  -18.185    1.63552
-26.4999  -18.1754    1.63375
-26.5094  -18.1558    1.63479
-26.5154  -18.1276    1.63607
-10010 -10010 -10010
-26.5181  -18.0996    1.63243
-26.5162  -18.0643    1.62917
-26.5237  -18.0304    1.627
-26.5318  -17.9773    1.62699
-26.5307  -17.9171    1.62316
-26.5341  -17.8339    1.62112
-26.54  -17.7389    1.61319
-26.5446  -17.6392    1.61307
-26.5494  -17.5364    1.60919
-26.558  -17.4398    1.60873
-26.5686  -17.3397    1.60735
-26.5708  -17.2401    1.60158
-26.5682  -17.143    1.59743
-26.5699  -17.0419    1.59339
-26.5753  -16.9453    1.5907
-26.5785  -16.845    1.58694
-26.5801  -16.7463    1.58468
-26.5816  -16.6492    1.58079
-26.5937  -16.5496    1.57935
-26.5975  -16.4477    1.57322
-26.6043  -16.3543    1.57352
-26.6068  -16.2537    1.57037
-26.6134  -16.1622    1.56987
-26.6119  -16.0598    1.56242
-26.6191  -15.9592    1.56549
-26.627  -15.8611    1.56917
-26.6297  -15.76    1.57024
-26.6339  -15.6602    1.57253
-26.6403  -15.5595    1.57352
-26.6451  -15.4612    1.57305
-26.6479  -15.3622    1.57233
-26.6522  -15.2585    1.57362
-26.6593  -15.1573    1.5898
-26.6621  -15.0522    1.60333
-26.6714  -14.9477    1.60541
-26.675  -14.8474    1.6045
-26.6787  -14.7489    1.60673
-26.6792  -14.6496    1.60442
-26.6773  -14.5524    1.60873
-26.6824  -14.4552    1.60731
-26.6948  -14.352    1.60551
-26.7053  -14.2513    1.60781
-26.7102  -14.1505    1.61699
-26.7179  -14.051    1.61422
-26.7314  -13.9484    1.61493
-26.742  -13.8459    1.61591
-26.7416  -13.7477    1.61969
-26.7396  -13.6505    1.61383
-26.7457  -13.5487    1.61746
-26.7492  -13.4519    1.62088
-26.7557  -13.351    1.6224
-26.7632  -13.2505    1.62407
-26.7803  -13.1499    1.62326
-26.7873  -13.0488    1.6233
-26.79  -12.9455    1.62397
-26.7976  -12.8441    1.62169
-26.8073  -12.7493    1.62566
-26.8157  -12.6483    1.62295
-26.8145  -12.5507    1.62761
-26.823  -12.4478    1.62729
-26.8299  -12.3452    1.62841
-26.834  -12.2456    1.63432
-26.8384  -12.1443    1.63376
-26.8423  -12.0488    1.63194
-26.8489  -11.9529    1.63421
-26.8491  -11.8547    1.63323
-26.8476  -11.7513    1.6405
-26.855  -11.6532    1.63868
-26.8572  -11.5489    1.6351
-26.8615  -11.4489    1.63507
-26.8703  -11.3461    1.63179
-26.8753  -11.2443    1.63813
-26.8777  -11.1449    1.64717
-26.885  -11.0406    1.65347
-26.898  -10.9442    1.65347
-26.9044  -10.8416    1.65078
-26.9142  -10.7418    1.65008
-26.9216  -10.6429    1.65522
-26.9317  -10.5468    1.65897
-26.9372  -10.4439    1.65732
-26.9493  -10.3446    1.6685
-26.9574  -10.2407    1.66439
-26.9713  -10.1448    1.66289
-26.9825  -10.0417    1.6647
-26.9928  -9.94058    1.66572
-26.9987  -9.83938    1.67059
-27.0092  -9.73678    1.6693
-27.0246  -9.64002    1.66554
-27.0389  -9.54239    1.66921
-27.0486  -9.44228    1.66788
-27.055  -9.34096    1.66084
-27.0634  -9.24266    1.6664
-27.0755  -9.14148    1.6702
-27.083  -9.0413    1.66695
-27.0935  -8.94428    1.66812
-27.1022  -8.84424    1.66855
-27.1111  -8.74407    1.66327
-27.1229  -8.6439    1.66961
-27.1362  -8.54739    1.66146
-27.1444  -8.44737    1.66806
-27.16  -8.354    1.66213
-27.1691  -8.25303    1.66465
-27.1811  -8.15395    1.66171
-27.1926  -8.05576    1.66475
-27.2068  -7.95604    1.66315
-27.2219  -7.85634    1.66773
-27.2355  -7.75725    1.66845
-27.2478  -7.65853    1.66337
-27.2534  -7.5568    1.66419
-27.2676  -7.45813    1.66496
-27.2828  -7.35621    1.66789
-27.2937  -7.25512    1.66836
-27.3016  -7.15841    1.6708
-27.3203  -7.05809    1.66694
-27.3303  -6.96225    1.66615
-27.3412  -6.86497    1.6694
-27.3528  -6.76555    1.6687
-27.3601  -6.66597    1.67109
-27.3691  -6.56567    1.66893
-27.3831  -6.45995    1.66898
-27.3939  -6.36745    1.67528
-27.3992  -6.26808    1.67264
-27.4052  -6.17656    1.67375
-27.4184  -6.07837    1.6786
-27.4274  -5.97622    1.67575
-27.4346  -5.87575    1.66826
-27.446  -5.78715    1.6671
-27.4527  -5.68933    1.66877
-27.4656  -5.5891    1.65329
-27.4756  -5.4939    1.64933
-27.4798  -5.39539    1.65232
-27.4861  -5.29216    1.65794
-27.497  -5.19003    1.65966
-27.5123  -5.09826    1.65951
-27.5315  -5.01109    1.65974
-27.5571  -4.91266    1.65334
-27.5865  -4.81445    1.65025
-27.6046  -4.70889    1.6476
-27.6245  -4.60881    1.64439
-27.6383  -4.51405    1.64193
-27.6603  -4.42365    1.63843
-27.6628  -4.32211    1.63768
-27.6666  -4.22368    1.63501
-27.6721  -4.1258    1.63268
-27.6877  -4.02815    1.63066
-27.6966  -3.93835    1.62852
-27.7047  -3.87896    1.62692
-27.7107  -3.82701    1.62512
-27.7168  -3.79546    1.62266
-27.7221  -3.79347    1.62131
-27.7249  -3.79725    1.62105
-27.7203  -3.80284    1.62129
-27.7219  -3.79676    1.6232
-27.7236  -3.79188    1.62315
-27.7141  -3.78511    1.62203
-27.7106  -3.78307    1.62257
-27.7138  -3.77712    1.62302
-10010 -10010 -10010
-27.7108  -3.77589    1.62455
-27.7126  -3.77406    1.62368
-27.7145  -3.7727    1.62307
-27.711  -3.76433    1.6233
-27.7123  -3.76173    1.6244
-27.7161  -3.76096    1.62426
-27.7131  -3.75782    1.62198
-27.7213  -3.75283    1.62286
-27.7255  -3.7501    1.62322
-27.7257  -3.75285    1.6219
-27.7268  -3.75504    1.62096
-27.7257  -3.76001    1.62108
-27.7227  -3.76062    1.62205
-27.721  -3.75798    1.62483
-27.7263  -3.75575    1.62386
-27.7285  -3.74926    1.62382
-27.7289  -3.75226    1.62412
-27.7255  -3.74569    1.62435
-27.7257  -3.74357    1.59025
-27.714  -3.73436    1.48858
-27.7232  -3.73265    1.44579
-27.7305  -3.7282    1.42634
-27.7351  -3.70942    1.37867
-27.7474  -3.68871    1.31918
-27.7498  -3.66951    1.26473
-27.7234  -3.64886    1.22262
-27.7046  -3.63344    1.17743
-27.6904  -3.61772    1.12901
-27.6789  -3.6032    1.08034
-27.6682  -3.5897    1.02473
-27.6615  -3.57269    0.962895
-27.646  -3.55668    0.893572
-27.629  -3.53497    0.824272
-27.6189  -3.52355    0.745659
-27.6037  -3.51221    0.665842
-27.5896  -3.49183    0.58651
-27.5835  -3.47022    0.50987
-27.5728  -3.46174    0.428865
-27.5445  -3.45109    0.351595
-27.5296  -3.44622    0.279238
-27.506  -3.43194    0.198563
-27.476  -3.42446    0.11809
-27.4544  -3.41609    0.0560258
-27.4433  -3.42229    0.0019306
-27.4249  -3.43366    -0.042086
-27.4001  -3.42862    -0.0717868
-27.3857  -3.43214    -0.0854279
-27.3571  -3.43599    -0.0899347
-27.3332  -3.44417    -0.0950108
-27.3019  -3.45032    -0.0848752
-27.2643  -3.45428    -0.066143
-27.2307  -3.45531    -0.0538373
-27.2001  -3.45177    -0.0598699
-27.1644  -3.44694    -0.0607633
-27.1237  -3.44097    -0.0596085
-27.0795  -3.44    -0.0595435
-27.0306  -3.44012    -0.0608561
-26.9741  -3.43514    -0.06168
-26.8997  -3.44171    -0.0611138
-26.8235  -3.45261    -0.0606501
-26.7375  -3.45539    -0.0586059
-26.6441  -3.46328    -0.0483836
-26.5629  -3.46286    -0.0177707
-26.4739  -3.4591    0.0114993
-26.3714  -3.45242    0.0126564
-26.2635  -3.45228    0.0211557
-26.1627  -3.44992    0.0263403
-26.0638  -3.4424    0.0285925
-25.9736  -3.43259    0.031471
-25.8653  -3.42007    0.0453473
-25.7724  -3.4093    0.0787477
-25.6714  -3.40098    0.0964054
-25.5703  -3.39286    0.0951995
-25.4635  -3.37501    0.101371
-25.3625  -3.36087    0.106133
-25.259  -3.34493    0.104941
-25.1581  -3.33554    0.0944551
-25.0662  -3.32554    0.0816328
-24.9493  -3.30681    0.079388
-24.8445  -3.29892    0.0736552
-24.7475  -3.29059    0.0699784
-24.6484  -3.27889    0.0674136
-24.5404  -3.26714    0.0642655
-24.4486  -3.25657    0.0614707
-24.3483  -3.24953    0.0595042
-24.237  -3.23963    0.057522
-24.1381  -3.23407    0.0546011
-24.0328  -3.22288    0.0513342
-23.936  -3.21783    0.0475509
-23.8418  -3.20948    0.0448782
-23.7376  -3.20564    0.0417994
-23.6338  -3.19805    0.0396714
-23.5347  -3.19073    0.0368268
-23.4349  -3.18668    0.0330691
-23.3334  -3.18067    0.0315498
-23.2345  -3.17568    0.0287762
-23.1284  -3.16693    0.0263909
-23.0326  -3.16257    0.0256024
-22.9265  -3.1576    0.0225069
-22.8385  -3.15849    0.0194703
-22.737  -3.15497    0.0161626
-22.6329  -3.15342    0.0134581
-22.5373  -3.1477    0.0116205
-22.4361  -3.14426    0.00860228
-22.3386  -3.13705    0.00718554
-22.229  -3.1305    0.00494423
-22.1428  -3.12413    0.00378206
-22.0407  -3.1167    0.00155608
-21.9441  -3.1157    -0.000720671
-21.841  -3.11348    -0.00259143
-21.7375  -3.10948    -0.00637196
-21.6385  -3.10891    -0.00990817
-21.5411  -3.10851    -0.0114381
-21.4476  -3.10699    -0.0130774
-21.35  -3.09871    -0.0146673
-21.2514  -3.10416    -0.0179005
-21.1525  -3.0997    -0.0190396
-21.0534  -3.094    -0.0194904
-20.9525  -3.09574    -0.0209381
-20.8469  -3.09734    -0.0247223
-20.7481  -3.09912    -0.0272382
-20.6422  -3.09795    -0.027946
-20.5431  -3.10741    -0.0291374
-20.4385  -3.10372    -0.0332557
-20.3341  -3.10777    -0.0350832
-20.2296  -3.11065    -0.0361698
-20.1311  -3.11205    -0.0365069
-20.0278  -3.11269    -0.0282961
-19.9267  -3.11198    -0.0234705
-19.8299  -3.11108    -0.0207229
-19.737  -3.11295    -0.0191787
-19.6365  -3.11524    -0.0162699
-19.5358  -3.11633    -0.0151426
-19.4291  -3.11846    -0.0146194
-19.3221  -3.11713    -0.00355823
-19.2269  -3.11767    0.00420577
-19.129  -3.11377    0.00897036
-19.0295  -3.10675    0.00944539
-18.929  -3.09759    0.0112795
-18.8316  -3.09498    0.0123182
-18.7227  -3.08558    0.0193781
-18.6167  -3.07937    0.0389682
-18.5111  -3.07404    0.0506256
-18.4203  -3.07256    0.0529918
-18.323  -3.0625    0.0547864
-18.2377  -3.05461    0.0558835
-18.1426  -3.04751    0.0574176
-18.0519  -3.03591    0.0568102
-17.956  -3.03326    0.0574077
-17.8553  -3.0223    0.05908
-17.7521  -3.01443    0.0607439
-17.6508  -3.00363    0.0626402
-17.5523  -2.99416    0.0638509
-17.4555  -2.98463    0.0645077
-17.361  -2.97385    0.0641911
-17.2588  -2.9595    0.0662197
-17.1637  -2.94485    0.0661955
-17.0604  -2.93175    0.0677371
-16.958  -2.92405    0.0701115
-16.8531  -2.91435    0.0718517
-16.7548  -2.90857    0.0764936
-16.6453  -2.89587    0.083088
-16.537  -2.8875    0.0955083
-16.4229  -2.8723    0.122073
-16.3177  -2.85596    0.154304
-16.2278  -2.84215    0.173647
-16.1466  -2.83246    0.178354
-16.0603  -2.807    0.18534
-15.9622  -2.77733    0.189527
-15.87  -2.76335    0.191937
-15.7713  -2.74561    0.192596
-15.6715  -2.72239    0.195546
-15.5686  -2.69977    0.196806
-15.4766  -2.67209    0.198004
-15.3721  -2.64044    0.198557
-15.264  -2.61674    0.201046
-15.1521  -2.59343    0.209151
-15.0478  -2.57656    0.229987
-14.9453  -2.54877    0.245228
-14.8472  -2.52781    0.264364
-14.7656  -2.49846    0.283045
-14.6884  -2.47305    0.289322
-14.5993  -2.4413    0.296791
-14.5083  -2.40781    0.301159
-14.4139  -2.37414    0.304092
-14.3183  -2.34671    0.30561
-14.2216  -2.31204    0.306865
-14.1262  -2.28271    0.307506
-14.0288  -2.24901    0.308251
-13.937  -2.21564    0.311257
-13.8303  -2.18021    0.325633
-13.7288  -2.14345    0.341113
-13.6376  -2.10855    0.356998
-13.5384  -2.06911    0.375248
-13.4571  -2.02929    0.383966
-13.3722  -1.99959    0.388109
-13.2784  -1.95313    0.390227
-13.1913  -1.92359    0.391475
-13.0929  -1.88381    0.396116
-12.9927  -1.84519    0.398059
-12.9052  -1.79507    0.397737
-12.8243  -1.75565    0.397968
-12.7321  -1.70817    0.399488
-12.6383  -1.66936    0.40135
-12.5473  -1.6242    0.403091
-12.4617  -1.58886    0.402727
-12.3722  -1.55329    0.403879
-12.2856  -1.5077    0.405334
-12.1955  -1.46658    0.408221
-12.1171  -1.41965    0.408614
-12.0167  -1.37946    0.407389
-11.931  -1.33717    0.408192
-11.8278  -1.29515    0.408315
-11.7413  -1.24976    0.411381
-11.6508  -1.20625    0.412089
-11.5725  -1.17463    0.404474
-11.4784  -1.13294    0.391461
-11.3824  -1.08613    0.378195
-11.2968  -1.05236    0.361762
-11.194  -1.01802    0.344949
-11.1034  -0.986982    0.328474
-10.9967  -0.952438    0.311897
-10.9019  -0.91125    0.303164
-10.7986  -0.869712    0.294503
-10.7061  -0.844069    0.291318
-10.6124  -0.811129    0.286478
-10.5174  -0.786785    0.280764
-10.4205  -0.763162    0.277254
-10.3172  -0.733405    0.274913
-10.2295  -0.705959    0.273244
-10.138  -0.686113    0.271186
-10.0371  -0.657467    0.267627
-9.93439  -0.621225    0.263877
-9.83994  -0.595578    0.259548
-9.75136  -0.565855    0.255988
-9.64566  -0.538794    0.255641
-9.54712  -0.509821    0.258924
-9.45596  -0.481115    0.26148
-9.36252  -0.449962    0.262669
-9.27256  -0.417374    0.265547
-9.17568  -0.395161    0.266816
-9.07666  -0.367253    0.268251
-8.98673  -0.337233    0.26855
-8.89201  -0.312191    0.269327
-8.79572  -0.279321    0.269509
-8.70375  -0.249354    0.272003
-8.61193  -0.213719    0.272381
-8.52057  -0.18952    0.271251
-8.42061  -0.167782    0.273975
-8.32186  -0.139956    0.273339
-8.21819  -0.104311    0.274376
-8.13281  -0.0784823    0.273627
-8.03769  -0.0538666    0.272706
-7.94856  -0.0347933    0.26209
-7.84522  -0.00781247    0.250305
-7.75316  0.0140224    0.233303
-7.65523  0.0363854    0.211565
-7.54955  0.0575111    0.194519
-7.43756  0.0790287    0.185968
-7.34466  0.107991    0.178497
-7.25958  0.128373    0.171024
-7.15763  0.147318    0.167847
-7.05673  0.168516    0.163013
-6.95787  0.189294    0.159583
-6.86607  0.206686    0.155142
-6.76717  0.228257    0.151908
-6.66433  0.24713    0.149882
-6.56811  0.259475    0.145979
-6.47092  0.285213    0.145828
-6.35997  0.296828    0.156345
-6.26655  0.318615    0.161839
-6.1811  0.334993    0.160791
-6.07298  0.351098    0.162895
-5.97391  0.368249    0.16453
-5.86956  0.380078    0.167327
-5.77087  0.397981    0.16851
-5.68233  0.422248    0.169764
-5.58661  0.438336    0.168349
-5.48934  0.455316    0.169863
-5.39404  0.469689    0.173957
-5.29454  0.495875    0.173632
-5.1831  0.520592    0.176702
-5.08679  0.539377    0.175841
-4.98837  0.561288    0.179006
-4.89684  0.579308    0.180154
-4.79953  0.606195    0.180716
-4.70233  0.626937    0.180483
-4.60311  0.646936    0.180751
-4.50516  0.664481    0.183783
-4.40788  0.687914    0.183879
-4.30744  0.708696    0.184354
-4.21481  0.727529    0.185366
-4.11335  0.744653    0.175762
-4.01141  0.759946    0.160112
-3.90242  0.775428    0.144024
-3.79622  0.800473    0.131395
-3.69956  0.820208    0.124126
-3.61035  0.840119    0.118459
-3.50981  0.848152    0.114822
-3.41721  0.855613    0.113391
-3.33107  0.86508    0.108124
-3.23261  0.880423    0.105877
-3.13427  0.889928    0.102252
-3.03136  0.89921    0.0948621
-2.92896  0.917262    0.0763609
-2.8158  0.925893    0.0701317
-2.7218  0.936757    0.0621009
-2.62688  0.941556    0.0573493
-2.53145  0.950621    0.0520862
-2.43421  0.962011    0.046671
-2.33679  0.967682    0.0447044
-2.23258  0.972539    0.0388807
-2.13066  0.979503    0.0367537
-2.03041  0.986661    0.0312631
-1.92987  0.988862    0.031447
-1.82804  0.99204    0.0257781
-1.72534  0.992766    0.0232702
-1.63992  0.99379    0.0203901
-1.52654  0.990153    0.0168456
-1.42642  0.993313    0.0141643
-1.32399  0.999795    0.0099843
-1.21922  1.0017    0.00599592
-1.12271  1.00663    0.00187912
-1.01701  1.00201    -3.41388e-05
-0.912745  1.00455    -0.00362951
-0.827069  1.00264    -0.00648317
-0.727787  1.00499    -0.00953258
-0.624849  1.00921    -0.0138904
-0.521615  1.01506    -0.0166731
-0.440912  1.01703    -0.0201144
-0.371515  1.01505    -0.0228152
-10010 -10010 -10010
