5.55911  -0.450906    -0.065295
5.60407  -0.446571    -0.069312
5.64795  -0.430369    -0.0634991
5.69475  -0.442334    -0.0631649
5.73875  -0.452979    -0.069036
5.77801  -0.458156    -0.0745352
5.83019  -0.467076    -0.0780812
5.87375  -0.461981    -0.075243
5.92624  -0.470479    -0.0797373
5.97783  -0.472916    -0.0796233
6.03335  -0.473019    -0.075743
6.08648  -0.472232    -0.0769472
6.13511  -0.472724    -0.0794532
6.18622  -0.478303    -0.078608
6.23721  -0.485465    -0.081085
6.28914  -0.487664    -0.0854278
6.33477  -0.49273    -0.0855908
6.3797  -0.496572    -0.0876652
6.43071  -0.501036    -0.0928104
6.47653  -0.510868    -0.0918748
6.52427  -0.510396    -0.0926561
6.57318  -0.521176    -0.0953179
6.62497  -0.530082    -0.0974615
6.67807  -0.532532    -0.0969432
6.73115  -0.538267    -0.0997563
6.78424  -0.533807    -0.0975505
6.82985  -0.546807    -0.104403
6.88268  -0.552288    -0.100058
6.92569  -0.5595    -0.102913
6.97619  -0.560438    -0.101662
7.02465  -0.568579    -0.106522
7.07653  -0.574566    -0.107522
7.12486  -0.57164    -0.107029
7.17267  -0.560757    -0.100545
7.22226  -0.563201    -0.10346
7.27449  -0.566005    -0.103181
7.32377  -0.568423    -0.111687
7.37812  -0.57914    -0.109273
7.42607  -0.584451    -0.11179
7.48911  -0.598298    -0.118584
7.53588  -0.598772    -0.113109
7.59885  -0.610025    -0.107637
7.64855  -0.616499    -0.106584
7.6964  -0.61781    -0.107575
7.75689  -0.623426    -0.10332
7.81493  -0.615869    -0.0974132
7.86882  -0.607676    -0.0929993
7.9183  -0.610226    -0.0891901
7.9631  -0.609578    -0.0900496
8.01091  -0.613462    -0.0934751
8.05886  -0.613546    -0.0923121
8.10733  -0.617592    -0.0929836
8.15336  -0.620565    -0.0902786
8.20371  -0.627087    -0.0920299
8.25488  -0.633098    -0.0911036
8.29942  -0.630059    -0.0837683
8.3535  -0.64154    -0.0918999
8.40226  -0.643634    -0.0888932
8.45619  -0.652552    -0.0855046
8.50552  -0.651116    -0.083022
8.5508  -0.649742    -0.0808488
8.59569  -0.662309    -0.0866426
8.64428  -0.668523    -0.0858264
8.69405  -0.672692    -0.0881978
8.74501  -0.666243    -0.082764
8.79201  -0.668159    -0.0799228
8.84614  -0.668085    -0.0743002
8.8958  -0.671817    -0.0761494
8.95225  -0.673305    -0.0756935
9.00186  -0.675679    -0.0775261
9.04771  -0.675501    -0.0798436
9.09942  -0.67808    -0.0779445
9.15138  -0.6716    -0.0676256
9.20053  -0.675475    -0.0689085
9.25007  -0.675667    -0.0697375
9.29985  -0.677551    -0.06154
9.34919  -0.681926    -0.0632085
9.40025  -0.684062    -0.0636984
9.44691  -0.684355    -0.0600125
9.4981  -0.692516    -0.0675405
9.54775  -0.694091    -0.0584616
9.59093  -0.699784    -0.0553812
9.64411  -0.702612    -0.0591788
9.6959  -0.704013    -0.0647148
9.74739  -0.700697    -0.0578263
9.78863  -0.70364    -0.0597959
9.84593  -0.710413    -0.0561368
9.89526  -0.714325    -0.0641481
9.94802  -0.709572    -0.0643989
10.0012  -0.721292    -0.068371
10.045  -0.722943    -0.0666608
10.0968  -0.721116    -0.0562556
10.1449  -0.728594    -0.0588626
10.1935  -0.732435    -0.0623823
10.2434  -0.731281    -0.0591423
10.2965  -0.740506    -0.0585862
10.3481  -0.73304    -0.0533887
10.3994  -0.742717    -0.0577637
10.451  -0.750773    -0.0547204
10.498  -0.754295    -0.0555951
10.5463  -0.754096    -0.0534648
10.5961  -0.75388    -0.0575218
10.6467  -0.752653    -0.0523564
10.7006  -0.760838    -0.0507453
10.7479  -0.763077    -0.0552534
10.8013  -0.767689    -0.0523113
10.8517  -0.765081    -0.0499501
10.8978  -0.772243    -0.046804
10.9525  -0.772114    -0.0539066
11.0047  -0.76984    -0.0509563
11.0521  -0.770005    -0.0499347
11.1032  -0.77057    -0.0451581
11.1549  -0.763335    -0.0439801
11.2052  -0.771176    -0.0420823
11.2499  -0.775228    -0.0505321
11.2993  -0.777336    -0.047157
11.3528  -0.763553    -0.0443904
11.4012  -0.764196    -0.0464683
11.451  -0.77017    -0.051229
11.4958  -0.766222    -0.0543309
11.5517  -0.761391    -0.0462117
11.6012  -0.761457    -0.0493387
11.6529  -0.761732    -0.0525855
11.7059  -0.757043    -0.0487904
11.7531  -0.763532    -0.0499837
11.8027  -0.76983    -0.0540718
11.8542  -0.776719    -0.0583217
11.9027  -0.763906    -0.0519402
11.953  -0.766565    -0.0520492
12.0023  -0.769452    -0.0451704
12.0506  -0.760695    -0.0360754
12.0955  -0.770327    -0.0419304
12.1441  -0.774656    -0.0459636
12.1925  -0.767449    -0.0423436
12.242  -0.766807    -0.0439807
12.2908  -0.776748    -0.041812
12.3397  -0.779851    -0.0440828
12.3961  -0.7779    -0.0425533
12.4458  -0.783234    -0.0436903
12.4944  -0.797368    -0.0451955
12.5455  -0.795201    -0.0414025
12.5902  -0.776769    -0.0354842
12.6386  -0.778384    -0.0360716
12.6963  -0.787457    -0.0369539
12.7458  -0.793607    -0.0437466
12.7977  -0.788192    -0.0409162
12.8457  -0.788379    -0.0433601
12.8938  -0.78879    -0.0386874
12.942  -0.78953    -0.0371583
12.991  -0.784925    -0.0329154
13.0417  -0.78937    -0.0351709
13.0938  -0.798463    -0.03094
13.1445  -0.798651    -0.0260739
13.1936  -0.801813    -0.0285544
13.2441  -0.807699    -0.0307991
13.292  -0.802358    -0.0263113
13.3415  -0.806257    -0.0290124
13.3912  -0.810462    -0.0295997
13.4389  -0.808043    -0.0255945
13.4882  -0.80777    -0.0256107
13.5386  -0.810818    -0.0312412
13.5881  -0.817961    -0.0284258
13.6389  -0.818483    -0.029259
13.6866  -0.820082    -0.0305728
13.7366  -0.82132    -0.0282186
13.7884  -0.811687    -0.0210408
13.8366  -0.815601    -0.0238378
13.8882  -0.810328    -0.0277606
13.9404  -0.811426    -0.0251483
13.9919  -0.813955    -0.024493
14.0383  -0.80943    -0.035287
14.084  -0.814799    -0.0335481
14.1353  -0.810289    -0.0275374
14.1828  -0.809495    -0.0316742
14.2325  -0.806971    -0.0296672
14.2819  -0.810017    -0.0278277
14.3303  -0.809969    -0.0319872
14.3687  -0.812123    -0.0343997
14.416  -0.805833    -0.0333344
14.4631  -0.81635    -0.0395449
14.5138  -0.815415    -0.0349351
14.5628  -0.813078    -0.0355893
14.612  -0.809465    -0.0276013
14.6561  -0.814143    -0.0372318
14.7005  -0.818258    -0.0320904
14.7473  -0.82034    -0.0312071
14.7861  -0.818817    -0.0314175
14.8272  -0.820737    -0.0407643
14.8734  -0.829699    -0.0306271
14.9252  -0.833907    -0.035143
14.9782  -0.830565    -0.0283424
15.0349  -0.833218    -0.0319358
15.0826  -0.832235    -0.034841
15.1278  -0.833624    -0.0288172
15.1765  -0.839193    -0.0292176
15.2218  -0.829635    -0.0269579
15.2648  -0.817689    -0.0204283
15.3223  -0.814573    -0.0216962
15.3675  -0.817587    -0.0293508
15.4222  -0.814461    -0.0316705
15.4781  -0.806109    -0.035778
15.5296  -0.821436    -0.031558
15.5782  -0.822926    -0.0335752
15.6282  -0.817798    -0.0287037
15.6794  -0.819686    -0.0324796
15.74  -0.813208    -0.0354644
15.7986  -0.816863    -0.0336262
15.8491  -0.818484    -0.0201624
15.9065  -0.819064    -0.0137162
15.958  -0.829423    -0.0257291
16.0122  -0.824764    -0.00631303
16.0629  -0.826997    -0.0131028
16.1074  -0.835609    -0.0256322
16.1576  -0.835692    -0.0109243
16.1962  -0.836451    -0.019813
16.2487  -0.838561    -0.0160772
16.2964  -0.836821    -0.0036518
16.349  -0.823747    -9.49473e-05
16.4053  -0.828138    2.24098e-07
16.4543  -0.822041    0.00769942
16.5111  -0.835617    -0.0125113
16.5561  -0.839261    -0.00775311
16.6095  -0.836652    -0.00012858
16.6433  -0.843162    -0.000337811
16.6932  -0.843111    -0.00305193
16.7366  -0.839761    0.000825732
16.7873  -0.839804    0.00374019
16.8325  -0.850474    -0.00177105
16.8857  -0.849503    0.00620061
16.9375  -0.850348    0.00497933
16.9928  -0.845821    0.00428532
17.0331  -0.853361    -0.000495505
17.0854  -0.854897    0.00220734
17.1338  -0.848226    0.00174409
17.1854  -0.852201    0.00206615
17.2331  -0.851045    -0.00363849
17.2852  -0.852063    0.00283563
17.3304  -0.849202    0.00552569
17.3832  -0.853418    0.00483362
17.4295  -0.855963    0.00241207
17.4792  -0.854722    -0.00273277
17.5299  -0.85635    -0.000719724
17.5812  -0.858239    -0.0028836
17.6336  -0.859674    0.0074167
17.6845  -0.860559    0.0111521
17.7332  -0.868673    0.00419491
17.7824  -0.86795    0.00424686
17.8349  -0.872087    0.00395521
17.8831  -0.873307    0.00453849
17.9373  -0.867291    0.00779156
17.9892  -0.867212    0.0132127
18.0345  -0.875124    0.00782949
18.0911  -0.870259    0.0131409
18.1403  -0.86976    0.0138679
18.1885  -0.874171    0.0136788
18.2377  -0.873214    0.0138703
18.2913  -0.881656    0.00742582
18.3464  -0.875515    0.0137581
18.3993  -0.880315    0.0070975
18.4518  -0.875507    0.0137109
18.5071  -0.874449    0.0189807
18.563  -0.871624    0.0116622
18.6162  -0.883102    0.00164631
18.6736  -0.872967    0.0124025
18.7228  -0.868259    0.0126498
18.776  -0.867423    0.0110132
18.8283  -0.866832    0.0113045
18.8758  -0.866266    0.0178386
18.9259  -0.875149    0.00897349
18.9753  -0.875111    0.00886866
19.0134  -0.879906    -0.0084324
19.0305  -0.883335    0.00408887
19.0313  -0.890237    0.00720777
19.0267  -0.888996    -0.00839395
19.0372  -0.89252    -0.00127625
19.0497  -0.893541    0.0106863
19.0583  -0.894904    0.0205399
19.0586  -0.894901    0.0205706
19.0617  -0.897387    0.0132455
19.0664  -0.892046    0.0145439
19.0686  -0.898921    0.00961999
19.0699  -0.90065    0.0111561
19.0638  -0.902261    0.0138885
19.0648  -0.899615    0.0155057
19.0617  -0.895299    0.0137104
19.061  -0.888416    0.0215499
19.061  -0.888419    0.021563
19.0629  -0.892365    0.0144611
19.0629  -0.892349    0.0144578
19.0683  -0.890874    0.0157533
19.0705  -0.896504    0.00961456
19.0684  -0.89506    0.00924519
19.0689  -0.89505    0.00920708
19.0744  -0.894354    0.0218403
19.0837  -0.889431    0.0231213
19.0899  -0.889141    0.0185844
19.0983  -0.901664    0.00319074
19.1131  -0.898374    0.00459035
19.1245  -0.901187    0.0148295
19.1412  -0.900477    0.0153625
19.1623  -0.908032    0.00749559
19.1994  -0.901238    0.0203808
19.2251  -0.902053    0.0227612
19.2505  -0.906701    0.0204721
19.2807  -0.905787    0.0205053
19.3125  -0.90558    0.0207635
19.3448  -0.904959    0.0211238
19.3829  -0.897975    0.0276089
19.4168  -0.896974    0.0276818
19.4563  -0.896071    0.0274839
19.4965  -0.89486    0.0275749
19.5359  -0.906282    0.0160022
19.5778  -0.900502    0.0260211
19.621  -0.909293    0.0294639
19.6641  -0.899505    0.0217643
19.7084  -0.918998    0.0214283
19.7569  -0.919766    0.0185697
19.8131  -0.908726    0.0270421
19.862  -0.907052    0.0272334
19.9131  -0.909902    0.0304044
19.9631  -0.908423    0.0305468
-10010 -10010 -10010
20.008  -0.903063    0.0317475
20.0574  -0.90111    0.0324908
20.1096  -0.904698    0.0258169
20.1601  -0.901068    0.0275638
20.2094  -0.899891    0.0289252
20.2597  -0.89846    0.0296718
20.309  -0.896894    0.0299635
20.366  -0.887161    0.0338445
20.4105  -0.903436    0.023047
20.462  -0.903694    0.0238309
20.511  -0.902297    0.0234635
20.5597  -0.901823    0.0166818
20.6052  -0.915653    0.00907353
20.6511  -0.918501    0.010739
20.7067  -0.920143    0.00359891
20.7589  -0.91348    0.00664898
20.8058  -0.91672    0.00350807
20.8561  -0.917473    0.00164621
20.9108  -0.924    -0.00682543
20.9529  -0.92178    -0.00398981
21.0116  -0.92215    -0.00680362
21.0613  -0.917536    -0.014845
21.1141  -0.910451    -0.0162024
21.1607  -0.909529    -0.0155615
21.1974  -0.915654    -0.0129553
21.2513  -0.916158    -0.015311
21.2955  -0.915218    -0.0189694
21.3316  -0.913762    -0.0197661
21.3569  -0.910535    -0.0257262
21.3552  -0.906132    -0.0252416
21.3591  -0.896667    -0.0271376
21.3665  -0.899178    -0.0271681
21.3627  -0.897937    -0.0223685
21.3609  -0.893449    -0.031199
21.367  -0.886454    -0.0339115
21.3665  -0.885694    -0.0298655
21.365  -0.888015    -0.0290142
21.3655  -0.881301    -0.0317198
21.3694  -0.876192    -0.0311381
21.3698  -0.87433    -0.0314248
21.3696  -0.874503    -0.0318876
21.3723  -0.873564    -0.0314481
21.3709  -0.87873    -0.0294709
21.37  -0.882685    -0.0284787
21.3681  -0.883119    -0.0273815
21.3705  -0.883204    -0.0303865
21.3709  -0.884425    -0.0287741
21.3793  -0.879881    -0.0285059
21.3805  -0.883988    -0.0289504
21.3799  -0.892418    -0.0279238
21.381  -0.893468    -0.0294089
21.379  -0.890134    -0.0294539
21.3785  -0.891456    -0.0288683
21.3796  -0.888696    -0.0277738
21.3806  -0.888719    -0.0251944
21.3783  -0.890312    -0.0264776
21.3796  -0.888662    -0.0248337
21.3796  -0.891282    -0.0213106
21.3779  -0.897666    -0.00528141
21.3863  -0.905551    0.0410658
21.3911  -0.903217    0.0622488
21.3981  -0.885165    0.105527
21.3982  -0.88863    0.132918
21.4017  -0.846616    0.171781
21.4015  -0.844654    0.2097
21.4189  -0.78993    0.243087
21.428  -0.764453    0.283172
21.4287  -0.767232    0.321426
21.4301  -0.753695    0.368852
21.4311  -0.75365    0.406232
21.4312  -0.73847    0.439771
21.4281  -0.742764    0.47721
21.4231  -0.741682    0.520958
21.4228  -0.746071    0.559324
21.4337  -0.739842    0.602274
21.4322  -0.744199    0.642653
21.4533  -0.678173    0.683373
21.4525  -0.680952    0.725491
21.4309  -0.682119    0.766533
21.432  -0.687207    0.806421
21.4218  -0.685502    0.846289
21.4202  -0.692248    0.887254
21.412  -0.69176    0.929442
21.4141  -0.69384    0.970448
21.4047  -0.693476    1.00583
21.3989  -0.697251    1.04803
21.3975  -0.701204    1.08795
21.3893  -0.70383    1.13151
21.3919  -0.70343    1.17182
21.3771  -0.701489    1.21268
21.3735  -0.705348    1.25359
21.3721  -0.707292    1.2933
21.3708  -0.708261    1.3332
21.3702  -0.708987    1.37432
21.3589  -0.707798    1.41408
21.3611  -0.707952    1.46225
21.3526  -0.711006    1.50213
21.3537  -0.716136    1.53406
21.351  -0.727223    1.51504
21.3517  -0.729436    1.50228
21.3456  -0.731796    1.50698
21.3467  -0.736046    1.50165
21.3484  -0.739538    1.50365
21.3466  -0.742502    1.50616
-10010 -10010 -10010
21.3472  -0.747674    1.50904
21.3479  -0.747463    1.5114
21.3486  -0.745189    1.51503
21.3502  -0.735944    1.51786
21.3495  -0.730616    1.51226
21.3494  -0.723528    1.51625
21.3474  -0.711015    1.51882
21.3493  -0.699784    1.51913
21.3507  -0.684921    1.52149
21.36  -0.671317    1.52617
21.3648  -0.649996    1.53054
21.3737  -0.63343    1.53368
21.3815  -0.610643    1.53714
21.386  -0.582363    1.53604
21.3926  -0.556466    1.53723
21.3968  -0.529227    1.53399
21.4017  -0.505103    1.52846
21.4095  -0.48236    1.52108
21.4176  -0.459093    1.50907
21.4212  -0.429045    1.49802
21.4257  -0.396701    1.48989
21.4314  -0.367462    1.48217
21.447  -0.343717    1.47181
21.455  -0.317287    1.46574
21.4594  -0.287356    1.4556
21.4632  -0.255831    1.44816
21.46  -0.222139    1.44194
21.4633  -0.190713    1.43895
21.469  -0.158932    1.43687
21.4742  -0.116501    1.43745
21.4832  -0.0720806    1.43359
21.4937  -0.0282713    1.43213
21.4994  0.0209237    1.42993
21.5008  0.0730502    1.42644
21.5067  0.126606    1.42519
21.5198  0.171436    1.4242
21.5311  0.219636    1.4219
21.5395  0.271954    1.41862
21.5495  0.324835    1.41708
21.5555  0.372918    1.41435
21.5645  0.426326    1.41422
21.5736  0.476949    1.41084
21.5841  0.528096    1.40975
21.5931  0.574306    1.40726
21.6041  0.624337    1.40687
21.6126  0.672736    1.4046
21.6241  0.723161    1.40436
21.6335  0.772475    1.40686
21.631  0.828129    1.41544
21.6394  0.88229    1.42313
21.6332  0.931885    1.43212
21.6382  0.984083    1.4455
21.6445  1.03309    1.45924
21.6513  1.07792    1.46654
21.6629  1.12109    1.47184
21.6683  1.16976    1.47468
21.6799  1.21517    1.47446
21.6846  1.26963    1.47442
21.692  1.31755    1.47372
21.6992  1.3666    1.47559
21.7053  1.41736    1.47618
21.7148  1.47291    1.4764
21.7213  1.51938    1.47578
21.7259  1.56832    1.47658
21.73  1.61456    1.47686
21.7353  1.66344    1.47711
21.7426  1.7063    1.47694
21.7419  1.75277    1.47804
21.7475  1.79654    1.47839
21.754  1.84185    1.47928
21.7589  1.89176    1.47807
21.761  1.93683    1.47823
21.7655  1.98266    1.47927
21.7693  2.0237    1.48159
21.7721  2.0735    1.4804
21.7768  2.11843    1.48085
21.7809  2.16295    1.48205
21.7886  2.21233    1.48391
21.7933  2.26132    1.48354
21.7981  2.30722    1.48252
21.8018  2.35177    1.48298
21.8046  2.40156    1.4839
21.8091  2.44631    1.48389
21.8105  2.49672    1.48439
21.8146  2.55232    1.48532
21.817  2.59902    1.48536
21.8213  2.64899    1.48598
21.824  2.69439    1.48585
21.8282  2.74649    1.48516
21.8324  2.79418    1.48482
21.8344  2.8447    1.48542
21.8411  2.90141    1.4853
21.8444  2.9526    1.48608
21.8445  3.01091    1.48594
21.8412  3.06372    1.48682
21.8424  3.11612    1.48716
21.8421  3.16945    1.48796
21.8426  3.21893    1.48736
21.8481  3.26854    1.48827
21.8538  3.31845    1.48881
21.8618  3.36483    1.48917
21.8652  3.41318    1.48968
21.8707  3.46953    1.48913
21.8725  3.51686    1.48925
21.8812  3.56486    1.48981
21.8847  3.60955    1.48984
21.8892  3.65527    1.48973
21.889  3.69258    1.49061
21.8906  3.72771    1.491
21.8912  3.76202    1.49161
21.8916  3.80385    1.49226
21.8925  3.84185    1.4921
21.8859  3.88934    1.49307
21.8769  3.93226    1.49547
21.8655  3.98151    1.49544
21.8668  4.01748    1.49748
21.8693  4.06522    1.49995
21.88  4.11719    1.50184
21.8817  4.1518    1.50331
21.8355  4.22009    1.50197
21.8308  4.22404    1.50189
21.8171  4.23247    1.50156
21.8279  4.2192    1.5093
21.8315  4.21104    1.50979
21.8347  4.22051    1.50894
21.839  4.23264    1.50791
21.8393  4.23757    1.50689
21.8356  4.23731    1.50665
21.8351  4.24055    1.50699
-10010 -10010 -10010
21.8368  4.23599    1.50876
21.8378  4.23186    1.50964
21.838  4.23367    1.51076
21.8351  4.2378    1.51454
21.8382  4.23688    1.51517
21.8395  4.23985    1.51505
21.8401  4.23824    1.51466
21.8391  4.23643    1.51423
21.8396  4.23892    1.51453
21.8407  4.23224    1.51484
21.8424  4.23425    1.51624
21.8432  4.23582    1.51602
21.8409  4.23847    1.51656
21.8385  4.26721    1.57462
21.8331  4.27524    1.71007
21.8199  4.29105    1.80505
21.8097  4.30117    1.89674
21.8031  4.30731    2.01776
21.7937  4.29995    2.11013
21.7858  4.30382    2.19597
21.7709  4.30751    2.30921
21.7613  4.31132    2.40414
21.7502  4.31979    2.51265
21.7434  4.32474    2.60995
21.7353  4.31526    2.71272
21.7294  4.29877    2.81273
21.7213  4.29764    2.9074
21.7149  4.287    3.02025
21.7073  4.28739    3.11504
21.6979  4.2843    -3.06639
21.6918  4.27043    -2.95418
21.6856  4.25108    -2.8574
21.6809  4.23477    -2.76417
21.6732  4.23112    -2.66055
21.6686  4.21702    -2.56251
21.6609  4.20377    -2.4595
21.6558  4.18601    -2.36762
21.6794  4.16102    -2.27768
21.6712  4.17571    -2.18006
21.6728  4.16525    -2.0808
21.6795  4.15678    -1.98853
21.7448  4.14494    -1.88881
21.7484  4.14206    -1.79657
21.7728  4.13181    -1.71571
21.7656  4.13399    -1.72308
21.7649  4.1346    -1.72661
21.7647  4.13363    -1.70215
21.7652  4.13212    -1.68673
21.7666  4.13043    -1.68574
21.7676  4.13355    -1.66676
21.7645  4.13466    -1.66025
21.7524  4.13333    -1.65633
21.747  4.13608    -1.65344
21.7474  4.13576    -1.65346
21.7368  4.13131    -1.6452
21.7318  4.13072    -1.64735
21.7312  4.1341    -1.64795
21.7313  4.13774    -1.64412
21.7252  4.13775    -1.63879
21.7161  4.13736    -1.64048
21.7162  4.13733    -1.64048
21.7171  4.1355    -1.6279
21.7147  4.1311    -1.63263
21.7139  4.1203    -1.63072
21.7119  4.10705    -1.62864
21.7112  4.08873    -1.62656
21.711  4.06291    -1.62526
21.7077  4.03232    -1.62171
21.7064  3.99026    -1.61914
21.7059  3.93856    -1.6195
21.6968  3.8925    -1.6147
21.6941  3.83908    -1.61638
21.6914  3.79123    -1.61517
21.6888  3.73906    -1.61366
21.6869  3.68932    -1.61245
21.6851  3.64026    -1.61158
21.6828  3.58886    -1.61115
21.6811  3.53873    -1.61062
21.6787  3.48947    -1.60971
21.6767  3.43833    -1.60885
21.6747  3.38947    -1.60909
21.6729  3.33836    -1.60853
21.6706  3.28859    -1.60762
21.6691  3.23903    -1.60739
21.6677  3.18959    -1.60704
21.6659  3.13955    -1.607
21.6641  3.08966    -1.60706
21.6625  3.04046    -1.60671
21.6608  2.99066    -1.60583
21.6589  2.94191    -1.60619
21.6577  2.89154    -1.60579
21.6556  2.84256    -1.6052
21.6545  2.79324    -1.60504
21.6532  2.74455    -1.6049
21.6518  2.69424    -1.60393
21.6499  2.64431    -1.60319
21.6485  2.59497    -1.60235
21.6468  2.54498    -1.60129
21.645  2.49576    -1.60117
21.6438  2.44536    -1.60074
21.6418  2.39637    -1.59911
21.6405  2.34571    -1.59849
21.6392  2.29689    -1.59889
21.6382  2.24622    -1.59846
21.6363  2.19667    -1.59762
21.6351  2.14645    -1.59724
21.6338  2.09649    -1.59671
21.6321  2.04687    -1.59679
21.631  1.99661    -1.59674
21.6295  1.947    -1.59564
21.6286  1.89673    -1.59488
21.627  1.84739    -1.59516
21.6262  1.79669    -1.59453
21.6251  1.74721    -1.59376
21.6237  1.69728    -1.59315
21.6226  1.64768    -1.59277
21.6215  1.59727    -1.5921
21.6204  1.54767    -1.59187
21.6192  1.49815    -1.59109
21.6183  1.44818    -1.59051
21.6173  1.39916    -1.58977
21.6162  1.34862    -1.58981
21.6148  1.29958    -1.5893
21.614  1.25005    -1.58884
21.613  1.20069    -1.58846
21.6123  1.15051    -1.5879
21.6112  1.1011    -1.58722
21.6104  1.05065    -1.58667
21.6098  1.00111    -1.58619
21.6087  0.951002    -1.58634
21.6081  0.900134    -1.58612
21.607  0.851124    -1.5853
21.6065  0.800639    -1.58469
21.6059  0.751393    -1.58484
21.6056  0.700804    -1.58448
21.6046  0.651154    -1.58373
21.6044  0.601397    -1.58348
21.6042  0.552501    -1.58318
21.6036  0.50261    -1.58246
21.6031  0.452608    -1.58219
21.6026  0.403973    -1.58112
21.6023  0.354504    -1.58024
21.6048  0.306263    -1.5808
21.6077  0.25326    -1.57887
21.6109  0.201504    -1.56939
21.6126  0.152523    -1.56516
21.6138  0.106942    -1.56818
21.6167  0.0545375    -1.56222
21.6168  0.00483126    -1.56139
21.6166  -0.0435514    -1.56452
21.6194  -0.0973257    -1.56564
21.6179  -0.145079    -1.56685
21.6183  -0.195404    -1.56679
21.6173  -0.245954    -1.56276
21.6145  -0.295291    -1.55808
21.6161  -0.345215    -1.55651
21.6183  -0.397637    -1.55202
21.6201  -0.451202    -1.54902
21.6217  -0.500489    -1.54786
21.6224  -0.546769    -1.54907
21.6225  -0.598265    -1.55215
21.6259  -0.650681    -1.54919
21.6288  -0.700438    -1.53659
21.6335  -0.747441    -1.5233
21.6372  -0.801467    -1.48101
21.6478  -0.85325    -1.41935
21.6603  -0.904552    -1.34758
21.6758  -0.958612    -1.25197
21.6976  -1.01131    -1.15169
21.7269  -1.05854    -1.04921
21.7654  -1.1023    -0.946223
21.798  -1.14427    -0.85567
21.842  -1.15916    -0.750827
21.8893  -1.19847    -0.659446
21.9509  -1.20706    -0.580638
21.9987  -1.23345    -0.480497
22.048  -1.25417    -0.382033
22.099  -1.27056    -0.287486
22.1644  -1.27487    -0.170245
22.215  -1.28251    -0.14237
22.2767  -1.28377    -0.106177
22.327  -1.28927    -0.106938
22.386  -1.3025    -0.0970071
22.4434  -1.30292    -0.105067
22.4924  -1.30801    -0.104954
22.5429  -1.31336    -0.105501
22.5908  -1.31862    -0.103774
22.6418  -1.32323    -0.0874682
22.6921  -1.32693    -0.0634374
22.7421  -1.32928    -0.0487129
22.7925  -1.33133    -0.0483638
22.8419  -1.33389    -0.0476661
22.8915  -1.33614    -0.046846
22.9406  -1.3382    -0.0458123
22.9909  -1.34039    -0.0456937
23.0395  -1.34286    -0.0452504
23.0907  -1.34514    -0.0440264
23.1397  -1.34748    -0.0425385
23.19  -1.34961    -0.0424643
23.24  -1.35163    -0.0426595
23.2896  -1.35407    -0.0415078
23.3397  -1.35636    -0.0403301
23.3897  -1.35844    -0.0397612
23.4402  -1.36051    -0.0396795
23.489  -1.36292    -0.0389697
23.5396  -1.36483    -0.0383953
23.5886  -1.36679    -0.037767
23.6395  -1.36885    -0.0380808
23.6887  -1.37054    -0.039329
23.7384  -1.37229    -0.0385292
23.7882  -1.37381    -0.0380367
23.8378  -1.37531    -0.0386455
23.8881  -1.3775    -0.0380435
23.9375  -1.37944    -0.0368153
23.9866  -1.37974    -0.0368961
24.0366  -1.38202    -0.0351291
24.0863  -1.38318    -0.0345428
24.1358  -1.3845    -0.0346726
24.1913  -1.39312    -0.0841199
24.2327  -1.3948    -0.0993444
24.3121  -1.39749    -0.106892
24.3642  -1.39644    -0.0894304
24.4135  -1.40553    -0.0844175
24.4644  -1.40667    -0.0756779
24.5061  -1.41969    -0.0728813
24.5589  -1.41959    -0.0702415
24.6008  -1.42973    -0.0738236
24.6561  -1.42956    -0.0711549
24.7048  -1.43038    -0.0721206
24.755  -1.4312    -0.0771539
24.802  -1.42553    -0.0647837
24.8501  -1.42694    -0.0678543
24.8995  -1.43036    -0.0711848
24.9525  -1.42935    -0.0707573
25.0089  -1.43198    -0.0696707
25.0621  -1.43329    -0.0719619
25.1173  -1.42912    -0.0688983
25.1666  -1.43289    -0.0665969
25.2221  -1.43065    -0.0638684
25.2657  -1.43141    -0.0640118
25.3186  -1.43099    -0.0616408
25.3675  -1.43195    -0.0592809
25.4206  -1.42336    -0.0503833
25.4662  -1.42548    -0.0569432
25.5085  -1.42408    -0.0585774
25.5605  -1.41678    -0.0648563
25.6257  -1.41014    -0.0485589
25.6846  -1.40605    -0.0439811
25.7321  -1.40967    -0.0611812
25.7872  -1.40388    -0.0558515
25.8334  -1.39917    -0.0570467
25.8869  -1.39551    -0.0555981
25.9257  -1.39068    -0.0812894
25.9792  -1.40241    -0.0937026
26.0308  -1.40314    -0.105374
26.0587  -1.41075    -0.146539
26.1043  -1.42253    -0.180725
26.1415  -1.43064    -0.21513
26.1497  -1.43411    -0.241512
26.1423  -1.43774    -0.25415
26.1456  -1.43674    -0.268543
26.158  -1.43486    -0.265392
26.1563  -1.43399    -0.271286
26.1568  -1.43189    -0.268239
26.1565  -1.43267    -0.273882
26.143  -1.43283    -0.285765
26.1472  -1.42766    -0.278978
26.1574  -1.43031    -0.283572
26.1564  -1.42771    -0.282683
26.1536  -1.43194    -0.285607
26.1561  -1.42954    -0.285166
26.1735  -1.44063    -0.272003
26.1669  -1.43443    -0.284509
26.166  -1.43419    -0.281198
26.1639  -1.43347    -0.276456
26.1649  -1.43522    -0.28405
26.1645  -1.43445    -0.282979
26.1639  -1.4328    -0.287547
26.1638  -1.43145    -0.287828
26.1625  -1.4283    -0.285017
26.1756  -1.43208    -0.28407
26.1775  -1.43267    -0.278966
26.1769  -1.43624    -0.285043
26.1773  -1.4329    -0.279056
26.1758  -1.43101    -0.280095
26.1755  -1.42927    -0.302536
26.1757  -1.43069    -0.348397
26.1644  -1.43064    -0.384439
26.1663  -1.43319    -0.46368
26.1645  -1.43478    -0.49872
26.1595  -1.43769    -0.571785
26.1579  -1.43534    -0.617988
26.1507  -1.435    -0.687121
26.1485  -1.43546    -0.738728
26.145  -1.43567    -0.800787
26.1392  -1.43374    -0.857875
26.1353  -1.43471    -0.902422
26.1287  -1.43405    -0.94542
26.102  -1.43895    -0.99076
26.0981  -1.43913    -1.04636
26.0854  -1.43361    -1.11105
26.0811  -1.43019    -1.16724
26.0798  -1.42977    -1.2303
26.0772  -1.42386    -1.28092
26.0712  -1.4281    -1.33614
26.0686  -1.42426    -1.39734
26.0583  -1.42698    -1.46194
26.0556  -1.42718    -1.52577
26.0541  -1.42388    -1.59026
26.0497  -1.4208    -1.66474
26.0319  -1.42137    -1.73839
26.0334  -1.41366    -1.8145
26.0282  -1.40601    -1.89918
26.0264  -1.40326    -1.99214
26.0174  -1.39772    -2.08831
26.0174  -1.39423    -2.18101
26.0129  -1.38958    -2.27542
26.0158  -1.3867    -2.37162
26.0001  -1.38625    -2.45892
26.0018  -1.38247    -2.54897
25.9715  -1.38202    -2.63587
25.9694  -1.37424    -2.72462
25.9758  -1.36536    -2.80422
25.9771  -1.35459    -2.88326
25.9765  -1.34444    -2.96014
25.9737  -1.34161    -3.04552
25.9753  -1.33011    -3.10833
25.9727  -1.32132    -3.07742
25.9679  -1.31641    -3.0564
25.9661  -1.32945    -3.07022
25.9668  -1.33132    -3.07186
25.9658  -1.33279    -3.07791
25.9661  -1.34204    -3.08382
-10010 -10010 -10010
25.9637  -1.34555    -3.09149
25.9628  -1.34644    -3.09397
25.9611  -1.35157    -3.09369
25.9617  -1.35286    -3.09811
25.9622  -1.3577    -3.11005
25.9596  -1.3727    -3.11436
25.961  -1.37379    -3.10813
25.9602  -1.37588    -3.12325
25.9639  -1.38527    -3.12767
25.9642  -1.40219    -3.13
25.9645  -1.41625    -3.12972
25.9674  -1.42153    -3.12929
25.9696  -1.42744    -3.13312
25.9679  -1.43931    -3.13908
25.9546  -1.4402    -3.13825
25.9249  -1.43618    -3.13818
25.8798  -1.43867    -3.1412
25.831  -1.4371    3.13516
25.7863  -1.43682    3.13333
25.7392  -1.4348    3.13101
25.6941  -1.42926    3.13089
25.644  -1.42679    3.1286
25.5933  -1.42423    3.12589
25.5484  -1.42048    3.1229
25.4986  -1.42011    3.12265
25.4511  -1.42393    3.11728
25.4005  -1.42503    3.11777
25.3538  -1.41938    3.11266
25.3047  -1.41963    3.10955
25.2577  -1.41462    3.10855
25.2053  -1.40898    3.1058
25.1579  -1.4064    3.10984
25.1074  -1.39962    3.10536
25.0583  -1.39582    3.10379
25.0076  -1.39094    3.10038
24.9642  -1.3838    3.09602
24.913  -1.38224    3.09282
24.865  -1.37646    3.09221
24.8147  -1.37397    3.08923
24.7639  -1.36976    3.08499
24.7124  -1.36885    3.08511
24.6622  -1.36416    3.08265
24.6116  -1.36442    3.07979
24.5652  -1.35849    3.07565
24.5159  -1.3538    3.07508
24.4638  -1.34972    3.07072
24.4138  -1.34662    3.06728
24.3622  -1.34616    3.06703
24.3122  -1.34044    3.06427
24.265  -1.33686    3.06319
24.2166  -1.33425    3.06214
24.1662  -1.32888    3.05621
24.1159  -1.32179    3.05682
24.0674  -1.31951    3.05956
24.0174  -1.31366    3.06259
23.9699  -1.31646    3.06557
23.921  -1.31272    3.06478
23.8736  -1.31041    3.06495
23.8264  -1.30477    3.06545
23.7769  -1.30389    3.06757
23.7248  -1.30231    3.07255
23.6746  -1.29661    3.07858
23.6235  -1.29129    3.08097
23.5707  -1.2857    3.08632
23.5212  -1.28249    3.09021
23.4753  -1.26977    3.0902
23.4258  -1.26419    3.08996
23.378  -1.26757    3.08526
23.3311  -1.26372    3.08988
23.2842  -1.25455    3.08992
23.2307  -1.24847    3.09134
23.1833  -1.24273    3.09272
23.1329  -1.24291    3.09848
23.0892  -1.23147    3.09509
23.0368  -1.23473    3.10054
22.9856  -1.2232    3.09715
22.9369  -1.22504    3.10002
22.8908  -1.22403    3.09927
22.8435  -1.22423    3.10119
22.7974  -1.21964    3.09704
22.7508  -1.21734    3.09657
22.7067  -1.20963    3.09947
22.6553  -1.20937    3.09933
22.6066  -1.20056    3.09682
22.5603  -1.19737    3.10101
22.5159  -1.19307    3.10118
22.4646  -1.18929    3.09766
22.4184  -1.19021    3.09716
22.3719  -1.18484    3.10287
22.3289  -1.18152    3.10004
22.2859  -1.1758    3.10164
22.2401  -1.17183    3.10231
22.1944  -1.16742    3.10589
22.1438  -1.16493    3.10005
22.0938  -1.15586    3.1069
22.0452  -1.14936    3.10519
21.9904  -1.14808    3.10107
21.9395  -1.15507    3.09924
21.8932  -1.16027    3.09856
21.8453  -1.15336    3.10018
21.7911  -1.15948    3.10218
21.7441  -1.16283    3.09872
21.6951  -1.15401    3.10365
21.6483  -1.14942    3.10462
21.601  -1.14054    3.10682
21.5491  -1.13731    3.10662
21.5003  -1.14005    3.10849
21.4511  -1.1393    3.10849
21.4021  -1.14452    3.11002
21.3475  -1.14561    3.10539
21.3019  -1.14739    3.10916
21.2508  -1.14664    3.10442
21.2  -1.14532    3.10107
21.1484  -1.14829    3.10326
21.0978  -1.14506    3.10065
21.0498  -1.14077    3.10958
20.9988  -1.1395    3.10584
20.9515  -1.13693    3.10557
20.9021  -1.13726    3.1032
20.8586  -1.13604    3.10368
20.8086  -1.13859    3.10272
20.7649  -1.13866    3.10162
20.7164  -1.13696    3.10014
20.6651  -1.14361    3.1018
20.6165  -1.14228    3.10004
20.5613  -1.14107    3.09872
20.5134  -1.14391    3.09503
20.4671  -1.13724    3.08826
20.4188  -1.13408    3.08191
20.3675  -1.11872    3.08006
20.3191  -1.11521    3.07389
20.2727  -1.11254    3.0752
20.2242  -1.10807    3.07223
20.1774  -1.10465    3.07041
20.1272  -1.09625    3.06811
20.0769  -1.09121    3.06771
20.0257  -1.08769    3.06876
19.9743  -1.08522    3.06789
19.9247  -1.08225    3.06702
19.8765  -1.07646    3.0638
19.8253  -1.07421    3.06187
19.7777  -1.06898    3.06047
19.7269  -1.06446    3.0568
19.6829  -1.0597    3.05571
19.634  -1.05556    3.05439
19.584  -1.04993    3.05415
19.5344  -1.0485    3.05163
19.4883  -1.04245    3.04902
19.4389  -1.03638    3.04836
19.3912  -1.0321    3.04982
19.3414  -1.02685    3.05316
19.2905  -1.02305    3.04939
19.2416  -1.01836    3.04741
19.1968  -1.00347    3.04527
19.1482  -0.995258    3.03402
19.1002  -0.995192    3.0374
19.05  -0.984879    3.03506
19.0011  -0.977722    3.03329
18.9503  -0.966586    3.03574
18.9029  -0.962753    3.03776
18.8536  -0.957257    3.03631
18.805  -0.951647    3.03058
18.7527  -0.943578    3.02915
18.702  -0.931458    3.02745
18.6474  -0.928189    3.02004
18.5952  -0.919065    3.02305
18.5447  -0.914231    3.02203
18.4941  -0.906843    3.02177
18.4441  -0.899717    3.01765
18.3995  -0.901183    3.01196
18.3564  -0.897694    3.01572
18.3086  -0.892396    3.01531
18.2659  -0.887828    3.01244
18.2214  -0.885953    3.01103
18.1805  -0.882296    3.00831
18.1351  -0.873607    3.00483
18.0882  -0.869025    3.00543
18.0401  -0.861947    3.00388
17.9944  -0.86    3.0028
17.946  -0.849071    3.00272
17.8965  -0.839488    3.00652
17.8488  -0.828557    3.01876
17.801  -0.822362    3.0216
17.7404  -0.82146    3.03173
17.6916  -0.817988    3.03698
17.6532  -0.809896    3.03501
17.6128  -0.800342    3.04115
17.5687  -0.790905    3.04364
17.5264  -0.786436    3.04411
17.4856  -0.778683    3.0585
17.4395  -0.777049    3.06625
17.3995  -0.776488    3.06303
17.3461  -0.777383    3.06522
17.2966  -0.777125    3.06535
17.2471  -0.772601    3.06619
17.1932  -0.76912    3.06879
17.1482  -0.763876    3.07561
17.0963  -0.759064    3.07692
17.0486  -0.762245    3.08827
17.001  -0.760945    3.08223
16.9509  -0.757017    3.08076
16.9008  -0.754272    3.0816
16.8508  -0.747746    3.07545
16.7983  -0.742633    3.08028
16.7484  -0.74047    3.07444
16.7005  -0.732202    3.08053
16.6487  -0.725487    3.07954
16.6007  -0.721717    3.08217
16.5565  -0.720965    3.08148
16.5085  -0.714764    3.08199
16.4635  -0.720762    3.08277
16.4094  -0.713876    3.0798
16.3571  -0.711475    3.08088
16.3062  -0.702767    3.08718
16.2569  -0.702513    3.0874
16.2113  -0.708278    3.08287
16.1626  -0.701976    3.07749
16.1099  -0.695219    3.07988
16.0577  -0.688603    3.07927
16.008  -0.686007    3.07996
15.9555  -0.679582    3.0839
15.8888  -0.678567    3.08183
15.8433  -0.6732    3.07922
15.7851  -0.674539    3.08349
15.7359  -0.671811    3.08391
15.6788  -0.66781    3.08258
15.629  -0.664762    3.08238
15.5784  -0.660563    3.08225
15.5253  -0.651846    3.08071
15.4781  -0.633714    3.08059
15.4253  -0.632935    3.09196
15.3765  -0.630327    3.09187
15.3263  -0.628139    3.09272
15.2767  -0.625534    3.09295
15.2271  -0.623475    3.09273
15.1774  -0.620655    3.09274
15.1277  -0.618227    3.09293
15.0778  -0.616127    3.09374
15.028  -0.613396    3.09406
14.9778  -0.61126    3.09367
14.9288  -0.608715    3.09359
14.8786  -0.60665    3.09442
14.8273  -0.601295    3.09142
14.7773  -0.599318    3.09098
14.7276  -0.596437    3.09114
14.6781  -0.594011    3.09169
14.6284  -0.591699    3.09245
14.5782  -0.589198    3.09266
14.5283  -0.586767    3.09252
14.4792  -0.58417    3.09262
14.4289  -0.581938    3.09327
14.3793  -0.579099    3.09346
14.3289  -0.577146    3.09285
14.2798  -0.574344    3.09271
14.23  -0.572242    3.0936
14.1803  -0.569903    3.09388
14.1306  -0.567771    3.09385
14.0812  -0.565146    3.0939
14.032  -0.562569    3.0942
13.9826  -0.560184    3.09492
13.9332  -0.557307    3.09502
13.8827  -0.555231    3.09451
13.8342  -0.552583    3.09456
13.784  -0.550565    3.09536
13.7342  -0.547951    3.09548
13.684  -0.545822    3.09518
13.6348  -0.543129    3.09518
13.5848  -0.540793    3.09572
13.5348  -0.538545    3.09609
13.4852  -0.536005    3.09629
13.4349  -0.533672    3.09582
13.3858  -0.5312    3.09566
13.3358  -0.529312    3.09632
13.2859  -0.526675    3.09669
13.236  -0.52498    3.09634
13.1869  -0.522676    3.09613
13.1365  -0.5207    3.097
13.0871  -0.518607    3.09722
13.0374  -0.516647    3.09738
12.9872  -0.514362    3.097
12.9384  -0.512184    3.0967
12.8885  -0.51028    3.09737
12.8396  -0.507724    3.09768
12.7899  -0.505974    3.09716
12.7409  -0.503818    3.09703
12.6915  -0.502021    3.09787
12.6422  -0.499727    3.09823
12.5918  -0.498106    3.09806
12.5423  -0.495662    3.09802
12.4925  -0.493596    3.09811
12.4424  -0.491618    3.09868
12.3927  -0.489273    3.09911
12.3421  -0.487324    3.09886
12.2928  -0.485029    3.0988
12.2425  -0.483255    3.09945
12.1925  -0.480846    3.09984
12.1426  -0.479505    3.09921
12.093  -0.47698    3.09935
12.0439  -0.47496    3.09666
11.9948  -0.472758    3.09198
11.9453  -0.469988    3.08895
11.8958  -0.466839    3.08642
11.847  -0.46367    3.08431
11.797  -0.460971    3.08315
11.7475  -0.457466    3.08094
11.6973  -0.454807    3.07824
11.6482  -0.451142    3.0766
11.5982  -0.447951    3.07567
11.548  -0.444539    3.07398
11.4978  -0.441594    3.07161
11.4483  -0.437549    3.07008
11.398  -0.43388    3.06966
11.3481  -0.431139    3.06852
11.299  -0.426185    3.06805
11.2484  -0.42218    3.06682
11.2004  -0.418559    3.06557
11.1493  -0.416185    3.0649
11.0991  -0.411478    3.06357
11.0504  -0.40786    3.06343
11.0018  -0.404245    3.06479
10.9498  -0.399685    3.06421
10.9013  -0.395578    3.06245
10.8521  -0.391435    3.06181
10.8023  -0.388418    3.06119
10.7543  -0.38496    3.06266
10.7047  -0.380317    3.06919
10.6554  -0.375959    3.07189
10.6067  -0.373007    3.07234
10.5577  -0.369461    3.07225
10.5075  -0.366351    3.07302
10.4587  -0.363295    3.07367
10.4082  -0.360561    3.07462
10.3567  -0.356129    3.07418
10.3077  -0.35255    3.07373
10.2565  -0.34939    3.07418
10.2068  -0.345839    3.07469
10.1565  -0.343033    3.07434
10.1069  -0.33968    3.07409
10.0569  -0.336728    3.07478
10.0072  -0.333239    3.07518
9.95764  -0.330549    3.07531
9.90766  -0.327016    3.07554
9.85808  -0.323853    3.07611
9.80873  -0.320959    3.07671
9.75889  -0.317622    3.07713
9.70907  -0.314605    3.07734
9.66036  -0.311558    3.08433
9.61011  -0.3094    3.09263
9.56088  -0.306718    3.09374
9.51112  -0.304851    3.09343
9.46198  -0.302183    3.0935
9.41269  -0.300028    3.09418
9.36317  -0.297865    3.0949
9.31321  -0.295647    3.09498
9.26362  -0.293257    3.09492
9.21431  -0.290891    3.09519
9.16421  -0.28879    3.09574
9.11473  -0.286094    3.09613
9.06399  -0.284253    3.09581
9.01503  -0.281703    3.09547
8.96493  -0.27979    3.09637
8.91503  -0.277536    3.09694
8.86487  -0.275685    3.09684
8.81532  -0.273312    3.09693
8.76557  -0.271006    3.09758
8.71574  -0.268805    3.0982
8.66613  -0.266222    3.09856
8.61566  -0.264396    3.09801
8.56708  -0.262061    3.09767
8.51696  -0.260362    3.09837
8.4676  -0.258201    3.09851
8.41786  -0.256638    3.09784
8.36886  -0.254229    3.09763
8.31901  -0.252152    3.0983
8.26937  -0.250048    3.09897
8.21966  -0.247898    3.09927
8.16925  -0.245837    3.09914
8.11996  -0.243724    3.0995
8.06957  -0.242005    3.10041
8.01969  -0.2396    3.10081
7.96897  -0.23802    3.10058
7.92007  -0.235722    3.10053
7.86978  -0.233863    3.10154
7.82023  -0.23173    3.10411
7.7705  -0.230035    3.10677
7.7206  -0.228175    3.10868
7.67131  -0.226474    3.1105
7.62163  -0.225191    3.11396
7.57206  -0.223463    3.11508
7.52182  -0.222346    3.11513
7.47361  -0.220606    3.11523
7.42308  -0.219365    3.11595
7.3734  -0.21785    3.11637
7.32357  -0.216806    3.11616
7.27342  -0.21528    3.11635
7.2234  -0.214195    3.11709
7.17347  -0.213144    3.11765
7.12288  -0.211689    3.11784
7.07259  -0.210635    3.1174
7.02296  -0.20926    3.11752
6.972  -0.208288    3.11815
6.92276  -0.206906    3.11875
6.87193  -0.206322    3.1186
6.82232  -0.204906    3.11858
6.7722  -0.203989    3.1192
6.72256  -0.203168    3.11987
6.67296  -0.202069    3.11994
6.62382  -0.200681    3.11989
6.57486  -0.199415    3.12033
6.5256  -0.19856    3.12088
6.47667  -0.197153    3.12107
6.42667  -0.196451    3.12067
6.37836  -0.195015    3.1202
6.32847  -0.194126    3.1204
6.27913  -0.192885    3.12059
6.22874  -0.192134    3.12017
6.17944  -0.190947    3.1202
6.12941  -0.189884    3.12083
6.07897  -0.18888    3.12147
6.0291  -0.187538    3.12193
5.97846  -0.186793    3.12152
5.92936  -0.185479    3.12135
5.87898  -0.184813    3.12235
5.82926  -0.183788    3.12262
5.77868  -0.18328    3.12232
5.73011  -0.182207    3.12218
5.67963  -0.181424    3.12283
5.63017  -0.180443    3.12333
5.58085  -0.179577    3.1232
5.5306  -0.178766    3.12243
5.48174  -0.177864    3.12261
5.4318  -0.177263    3.12323
5.38195  -0.176228    3.1234
5.3319  -0.175973    3.12315
5.28306  -0.174757    3.12293
5.23262  -0.17412    3.12385
5.18335  -0.173016    3.12503
5.13334  -0.172285    3.125
5.08366  -0.171221    3.12518
5.03452  -0.170334    3.12526
4.98535  -0.169544    3.1193
4.93633  -0.167646    3.11266
4.88594  -0.166257    3.10677
4.83741  -0.163878    3.1031
4.78704  -0.161885    3.10064
4.73733  -0.159407    3.09805
4.68725  -0.157368    3.09531
4.63765  -0.154646    3.09378
4.58754  -0.15214    3.09238
4.53824  -0.14986    3.09133
4.4879  -0.146928    3.09003
4.43821  -0.144392    3.08814
4.38897  -0.141665    3.08655
4.33884  -0.139069    3.0858
4.28963  -0.135832    3.08459
4.23965  -0.13345    3.08254
4.19078  -0.130115    3.08089
4.14139  -0.127314    3.08017
4.09202  -0.124404    3.07946
4.04217  -0.121486    3.07831
3.99269  -0.118132    3.0769
3.94309  -0.114661    3.07616
3.89324  -0.111547    3.07558
3.84375  -0.107857    3.07464
3.79299  -0.104942    3.07278
3.74407  -0.101173    3.07163
3.69364  -0.0979291    3.07127
3.64389  -0.0942968    3.07055
3.59323  -0.0909266    3.06891
3.5437  -0.0870471    3.06807
3.49366  -0.0833261    3.06758
3.44383  -0.079711    3.06892
3.39436  -0.0759076    3.07728
3.34351  -0.0731527    3.08537
3.29467  -0.0701336    3.08713
3.24488  -0.0676346    3.08828
3.19619  -0.0646465    3.08887
3.14653  -0.0624037    3.08858
3.09859  -0.0595239    3.0883
3.04877  -0.0569709    3.08893
2.99942  -0.0542988    3.08919
2.95022  -0.0517365    3.08905
2.89972  -0.0490164    3.08856
2.85037  -0.0460269    3.08859
2.80034  -0.0436623    3.08952
2.75024  -0.0408122    3.08993
2.69983  -0.0386418    3.08962
2.65094  -0.0359013    3.08956
2.60029  -0.0335747    3.09034
2.55095  -0.0311687    3.09084
2.50103  -0.0290665    3.0902
2.45109  -0.0265319    3.08983
2.40172  -0.0241184    3.09032
2.35202  -0.0219915    3.09049
2.3018  -0.0192055    3.09079
2.2524  -0.0173729    3.09
2.20279  -0.0144532    3.0908
2.15273  -0.0128429    3.09136
2.10389  -0.0103494    3.092
2.05396  -0.00838533    3.09185
2.00466  -0.00562597    3.09199
1.95545  -0.00324437    3.09299
1.90625  -0.000933023    3.09385
1.85632  0.00152451    3.09412
1.80676  0.00381211    3.0939
1.75771  0.00627513    3.09407
1.7075  0.00856165    3.0945
1.65825  0.011255    3.09445
1.60759  0.013366    3.09404
1.55836  0.0162454    3.09382
1.50823  0.0185307    3.09433
1.45838  0.0208197    3.09497
1.40819  0.0229718    3.0947
1.35879  0.0255005    3.09449
1.30895  0.0278568    3.09476
1.25887  0.0300526    3.09525
1.20959  0.032635    3.09559
1.15886  0.034727    3.09496
1.10998  0.0373946    3.09451
1.05992  0.0393995    3.09525
1.01031  0.0417998    3.09582
0.959855  0.0437187    3.09568
0.910683  0.0461809    3.09568
0.860269  0.0484593    3.09659
0.81041  0.0508251    3.09719
0.760596  0.0531578    3.09741
0.709894  0.0552287    3.09673
0.661007  0.0578533    3.0968
0.61084  0.0598342    3.0974
0.56163  0.0621943    3.09736
0.51158  0.0639572    3.09673
0.463236  0.0664443    3.09632
0.413172  0.0684061    3.09696
0.36406  0.0705634    3.09724
0.314681  0.0727307    3.09679
0.264237  0.0750406    3.09639
0.21526  0.0773575    3.09697
0.165197  0.0792262    3.09738
0.115332  0.0817652    3.09775
0.0650446  0.0835346    3.09758
0.0183774  0.0858355    3.09759
-0.0254672  0.087445    3.099
-0.0444555  0.0881855    3.09928
-0.0431941  0.0881659    3.09925
-0.0455774  0.0882141    3.09903
-0.0526241  0.0884841    3.09926
-0.0546448  0.0885759    3.09932
-10010 -10010 -10010