-0.120847  -0.263112    0.071161
-0.132348  -0.260825    0.0714803
-0.138595  -0.259045    0.0716883
-0.142448  -0.25737    0.0705782
-0.148266  -0.258336    0.0714841
-0.153324  -0.25713    0.0714194
-0.15581  -0.259409    0.072656
-0.159216  -0.256141    0.073533
-0.154469  -0.257167    0.0745576
-0.15817  -0.259052    0.0729981
-0.158302  -0.258011    0.0722848
-0.157846  -0.25735    0.0733039
-0.154778  -0.261069    0.0736039
-0.153004  -0.260593    0.0731418
-0.153664  -0.264475    0.0740731
-0.157289  -0.266255    0.0754607
-0.166676  -0.266678    0.0725359
-0.165239  -0.267549    0.0713551
-0.159462  -0.269646    0.0708564
-0.154699  -0.269504    0.0723265
-0.147838  -0.270133    0.0732941
-0.136847  -0.267649    0.0727515
-0.131501  -0.267478    0.0715215
-0.12079  -0.270041    0.0704657
-0.102923  -0.272596    0.0696844
-0.082338  -0.268886    0.0700157
-0.0524625  -0.266396    0.0688421
-0.0286651  -0.265296    0.0689514
-0.0110865  -0.264954    0.0681084
0.0165816  -0.263014    0.0687049
0.0505596  -0.260636    0.0659204
0.0819498  -0.2582    0.0663653
0.125756  -0.256934    0.0650678
0.17774  -0.256464    0.0621526
0.227267  -0.254399    0.062343
0.273515  -0.25467    0.0634358
0.323929  -0.247087    0.0609089
0.368436  -0.242303    0.0606185
0.417223  -0.240854    0.0601473
0.459048  -0.237586    0.0596531
0.509465  -0.233542    0.0591201
0.564919  -0.226802    0.0579487
0.610772  -0.223494    0.0569358
0.656566  -0.21507    0.0569087
0.711928  -0.213428    0.0551897
0.760357  -0.204799    0.055166
0.810333  -0.203231    0.0542212
0.866216  -0.199938    0.0523126
0.918672  -0.198553    0.0509079
0.97793  -0.192963    0.049385
1.02448  -0.190218    0.0486283
1.07672  -0.187356    0.0484569
1.12485  -0.184425    0.0485824
1.17125  -0.181449    0.0477523
1.22303  -0.174681    0.0478738
1.27425  -0.171381    0.0456024
1.32091  -0.167506    0.0461898
1.36883  -0.167953    0.0444481
1.41396  -0.166185    0.0432924
1.46605  -0.165357    0.0419742
1.51957  -0.160452    0.0420692
1.56465  -0.158593    0.0420128
1.61564  -0.15395    0.0392495
1.66625  -0.14897    0.0403675
1.71771  -0.144108    0.041433
1.76827  -0.141305    0.040025
1.81836  -0.137889    0.0377469
1.86771  -0.136335    0.0366616
1.91967  -0.134465    0.0375316
1.96676  -0.132177    0.0365994
2.02203  -0.130994    0.0348809
2.07471  -0.130647    0.0340057
2.11998  -0.128447    0.0336721
2.17601  -0.126432    0.0326843
2.22304  -0.124264    0.0335412
2.27343  -0.122048    0.0301099
2.32458  -0.123254    0.0300893
2.37409  -0.119385    0.029334
2.42085  -0.121038    0.0293408
2.46379  -0.114156    0.028217
2.51836  -0.113149    0.0279034
2.56756  -0.115536    0.0289904
2.61523  -0.112492    0.02757
2.66408  -0.109531    0.0267197
2.71164  -0.108766    0.0253348
2.76027  -0.104319    0.0257805
2.81363  -0.10527    0.0236699
2.86528  -0.106206    0.0245145
2.90982  -0.104955    0.0216779
2.96862  -0.102441    0.0224671
3.01394  -0.102119    0.022068
3.06362  -0.0978553    0.0216548
3.11235  -0.0935188    0.0198952
3.16112  -0.0932777    0.018739
3.21378  -0.0914495    0.0159748
3.26572  -0.0877423    0.0156061
3.32441  -0.0867032    0.0169264
3.36755  -0.0793977    0.0151699
3.41605  -0.0764921    0.0156684
3.46404  -0.0731559    0.0150266
3.51296  -0.0716219    0.0149741
3.55588  -0.0676098    0.0127823
3.60429  -0.0634827    0.0131677
3.65592  -0.0575308    0.0120027
3.71152  -0.0534535    0.0105735
3.76372  -0.0521939    0.0135025
3.81416  -0.0499022    0.0238037
3.86133  -0.0457713    0.0273229
3.91608  -0.0464893    0.0308249
3.97234  -0.0445331    0.0327842
4.02018  -0.0452878    0.0337381
4.07483  -0.0457782    0.0352545
4.12594  -0.044883    0.0364005
4.17467  -0.0423093    0.0381825
4.22454  -0.0359907    0.0387793
4.2753  -0.0373332    0.0391755
4.31615  -0.0345329    0.0402201
4.37445  -0.0309515    0.0419785
4.42002  -0.030311    0.0423011
4.46626  -0.026911    0.0413504
4.51663  -0.0242771    0.0416801
4.56699  -0.0269292    0.0424639
4.61798  -0.0238961    0.0441391
4.66406  -0.0254743    0.0441366
4.71714  -0.0207457    0.0441915
4.76435  -0.0156215    0.0458554
4.81564  -0.0151205    0.045548
4.86684  -0.016352    0.0458733
4.92035  -0.0144811    0.0444961
4.96583  -0.0107403    0.0458001
5.01606  -0.00736951    0.0462988
5.06674  -0.00446473    0.0487463
5.11699  -0.00272112    0.0474613
5.17367  0.00275013    0.0485375
5.22264  0.00705062    0.0491071
5.27458  0.0155477    0.0485075
5.3223  0.021023    0.0495722
5.3741  0.026575    0.050233
5.41902  0.0311835    0.0506899
5.47211  0.0290887    0.0506178
5.52429  0.0336797    0.0522865
5.57665  0.0327566    0.0516601
5.62647  0.0383193    0.0515535
5.68244  0.0412004    0.0527014
5.73067  0.045136    0.0535196
5.77483  0.049211    0.0549391
5.81794  0.051269    0.0551375
5.86579  0.0577836    0.0542941
5.91563  0.0607017    0.0551171
5.96458  0.0640573    0.0560186
6.01496  0.072333    0.0560283
6.06638  0.0732334    0.0571277
6.12425  0.0754101    0.0568136
6.17233  0.0801548    0.0575915
6.22337  0.0855935    0.0572052
6.26911  0.0934916    0.058293
6.31953  0.096756    0.058194
6.36848  0.102025    0.058215
6.41628  0.107208    0.0594119
6.46788  0.11348    0.0598089
6.52605  0.118129    0.0602535
6.57255  0.122678    0.0561958
6.62182  0.133724    0.0525054
6.669  0.136699    0.0481915
6.71872  0.137419    0.046035
6.76748  0.143664    0.0427241
6.82151  0.147582    0.0404956
6.87643  0.149581    0.038363
6.91843  0.154279    0.0364213
6.97486  0.166038    0.0345433
7.03038  0.167917    0.0327622
7.07612  0.16931    0.0326997
7.12677  0.167587    0.0290447
7.1738  0.16998    0.0282891
7.22779  0.171658    0.0267797
7.27239  0.179553    0.0247461
7.32229  0.18403    0.023519
7.36389  0.184592    0.0270321
7.4124  0.186456    0.0300456
7.46239  0.188304    0.0310358
7.51498  0.193278    0.0322754
7.56468  0.200147    0.0332182
7.6118  0.201525    0.0351317
7.66458  0.206681    0.0356533
7.71001  0.210361    0.0369576
7.76137  0.213529    0.03725
7.81567  0.216437    0.0374886
7.86565  0.218046    0.0385081
7.91503  0.224718    0.0397356
7.964  0.229322    0.0397246
8.01682  0.233152    0.0404109
8.06455  0.238547    0.0407505
8.1063  0.244155    0.0407636
8.12087  0.250642    0.0422636
8.12076  0.251484    0.0431402
8.12986  0.253441    0.0441799
8.13631  0.245357    0.0441116
8.14275  0.246303    0.0434045
8.14817  0.248819    0.0441508
8.15047  0.247958    0.0446325
8.15422  0.245995    0.0435136
8.15803  0.247789    0.0435937
8.15214  0.249656    0.0440982
8.16132  0.247505    0.0442894
8.16098  0.246231    0.0440347
8.16262  0.243126    0.0449536
-10010 -10010 -10010
8.16513  0.244674    0.0440348
8.16279  0.247375    0.0437676
8.16617  0.25251    0.0436151
8.17241  0.253996    0.0442483
8.17424  0.253994    0.043268
8.17803  0.253567    0.0444061
8.18777  0.252268    0.0443704
8.19332  0.250904    0.0439254
8.20579  0.252659    0.0438485
8.22131  0.251605    0.044196
8.24353  0.2557    0.0438989
8.26481  0.261585    0.0429577
8.29347  0.264312    0.0435848
8.32462  0.260743    0.0416549
8.37477  0.264578    0.041045
8.41821  0.272975    0.0391144
8.46555  0.275879    0.0377292
8.51588  0.279866    0.0369206
8.56571  0.28079    0.0369928
8.61552  0.285263    0.0373621
8.66436  0.290384    0.0373993
8.70797  0.297498    0.0371416
8.75669  0.297571    0.0363617
8.81187  0.301101    0.0362126
8.86183  0.304264    0.0359215
8.91134  0.306831    0.0360209
8.96345  0.309484    0.037393
9.01027  0.310742    0.0387803
9.05562  0.316844    0.0399638
9.10976  0.313794    0.0390043
9.15222  0.316069    0.0388906
9.20668  0.320425    0.0385834
9.25926  0.32083    0.0393242
9.31081  0.32814    0.0394467
9.35693  0.328506    0.0387205
9.40449  0.331966    0.0390605
9.45973  0.332969    0.040707
9.50761  0.337356    0.0415139
9.5492  0.341967    0.0414824
9.59342  0.343366    0.0418912
9.6398  0.348783    0.0420147
9.69283  0.35451    0.042787
9.73878  0.354925    0.043534
9.78768  0.356615    0.0431705
9.84051  0.359542    0.0427405
9.89289  0.359454    0.0441547
9.94764  0.361549    0.0456779
10.0023  0.363135    0.0451619
10.0499  0.370406    0.0468065
10.1021  0.373575    0.046912
10.1508  0.368311    0.0479721
10.195  0.372528    0.0480879
10.248  0.375913    0.046019
10.2972  0.375304    0.0458587
10.3501  0.380552    0.0473252
10.397  0.387141    0.0471947
10.4569  0.38895    0.046346
10.5057  0.387675    0.047161
10.556  0.384841    0.0475528
10.6039  0.385318    0.0488645
10.653  0.393027    0.0483171
10.6995  0.394911    0.0486425
10.7423  0.393012    0.04883
10.7681  0.392796    0.0473288
10.7791  0.400286    0.0472088
10.7833  0.405041    0.048707
10.7894  0.415796    0.0486009
10.7933  0.414731    0.0499528
10.7973  0.416578    0.0507168
10.8077  0.418022    0.0506046
10.8158  0.41421    0.0509265
10.8131  0.418767    0.0500675
10.8146  0.417385    0.0494351
10.8184  0.419871    0.0493085
10.8233  0.42194    0.0501173
-10010 -10010 -10010
10.8192  0.422008    0.0510484
10.8186  0.420478    0.0507222
10.8203  0.421214    0.049659
10.8178  0.421955    0.0511795
10.8164  0.424456    0.0508944
10.8204  0.424624    0.0515142
10.8161  0.422545    0.0495005
10.8154  0.420878    0.0490892
10.8157  0.422929    0.0514622
10.8142  0.424169    0.0511568
10.8033  0.421665    0.0395569
10.8016  0.410793    -0.0253876
10.7831  0.399905    -0.0657283
10.7833  0.387062    -0.128404
10.7642  0.38168    -0.180211
10.7709  0.385032    -0.234463
10.769  0.385405    -0.298713
10.7819  0.388451    -0.356674
10.7968  0.388111    -0.424398
10.8102  0.395723    -0.485544
10.8181  0.399673    -0.550068
10.8233  0.412016    -0.615113
10.8303  0.416472    -0.679905
10.8284  0.426482    -0.744776
10.8277  0.441845    -0.812539
10.8115  0.452364    -0.875439
10.81  0.455586    -0.940851
10.8145  0.464564    -1.00682
10.8108  0.473209    -1.07013
10.816  0.488212    -1.13778
10.8167  0.481373    -1.20332
10.8075  0.478294    -1.26888
10.8165  0.478108    -1.33516
10.817  0.47769    -1.40132
10.8215  0.478008    -1.46621
10.8284  0.479689    -1.53168
10.8263  0.461156    -1.5409
10.827  0.451392    -1.50199
10.8225  0.448064    -1.50376
10.8146  0.447036    -1.50998
10.8086  0.446134    -1.51301
10.7944  0.448828    -1.51986
10.7915  0.441571    -1.52704
10.7897  0.453051    -1.53317
10.7894  0.456799    -1.53742
10.7948  0.463548    -1.54462
10.8035  0.461298    -1.55046
10.8052  0.469076    -1.55586
10.8152  0.461054    -1.56298
10.8175  0.457902    -1.56799
10.8201  0.455623    -1.57147
10.8211  0.450024    -1.57391
10.8327  0.451058    -1.57682
10.8373  0.445109    -1.57766
10.8453  0.434115    -1.57857
10.8441  0.425455    -1.58016
10.8477  0.41047    -1.57807
10.8466  0.391181    -1.57665
10.8359  0.371614    -1.57597
10.842  0.346232    -1.5749
10.839  0.304618    -1.57413
10.8364  0.26938    -1.57432
10.8411  0.222064    -1.57347
10.8495  0.176754    -1.5731
10.8442  0.128868    -1.56692
10.8403  0.0713573    -1.5559
10.8419  0.0290333    -1.55351
10.8415  -0.0204844    -1.54947
10.8443  -0.0754221    -1.54549
10.8514  -0.131039    -1.54473
10.8592  -0.174611    -1.5449
10.8572  -0.223136    -1.54585
10.8616  -0.271039    -1.54452
10.8592  -0.318411    -1.54399
10.862  -0.363911    -1.54378
10.8604  -0.412238    -1.54306
10.8616  -0.457383    -1.54267
10.8675  -0.509473    -1.54077
10.8657  -0.563392    -1.54011
10.868  -0.61675    -1.53972
10.8707  -0.669058    -1.53822
10.8699  -0.722876    -1.52809
10.8776  -0.767069    -1.52275
10.878  -0.818183    -1.52092
10.8876  -0.861409    -1.51959
10.8874  -0.91267    -1.51723
10.8842  -0.9588    -1.51522
10.8976  -1.01484    -1.51319
10.9004  -1.06931    -1.51329
10.8975  -1.12271    -1.50616
10.9087  -1.17207    -1.50372
10.9085  -1.22261    -1.50101
10.9125  -1.26989    -1.49938
10.9115  -1.31952    -1.49949
10.9218  -1.37205    -1.49757
10.9321  -1.42086    -1.49525
10.9359  -1.45933    -1.49478
10.9398  -1.51363    -1.49435
10.9463  -1.56392    -1.49409
10.948  -1.61625    -1.49385
10.9518  -1.66622    -1.49231
10.9515  -1.71897    -1.49245
10.9562  -1.76721    -1.49174
10.956  -1.8163    -1.4884
10.9604  -1.86158    -1.48456
10.9608  -1.90861    -1.48269
10.9733  -1.96478    -1.48154
10.9819  -2.01733    -1.48071
10.983  -2.06992    -1.47881
10.9942  -2.11567    -1.47939
11.0066  -2.17439    -1.47929
11.0119  -2.22091    -1.47846
11.0207  -2.26686    -1.47847
11.0302  -2.31464    -1.47711
11.0411  -2.35962    -1.47736
11.0514  -2.40813    -1.47605
11.0635  -2.44918    -1.47589
11.0544  -2.50913    -1.47432
11.0691  -2.56629    -1.47435
11.0869  -2.61813    -1.47412
11.1008  -2.66608    -1.47439
11.1063  -2.71924    -1.47378
11.1068  -2.76404    -1.47325
11.1014  -2.80905    -1.47309
11.1012  -2.85897    -1.47138
11.108  -2.91192    -1.46978
11.1153  -2.96513    -1.46849
11.1211  -3.01554    -1.46822
11.1283  -3.06571    -1.46853
11.1339  -3.11819    -1.46822
11.1361  -3.15859    -1.46685
11.1484  -3.17295    -1.46698
11.1551  -3.17754    -1.46745
11.1578  -3.18372    -1.46757
11.1542  -3.19444    -1.46735
11.1579  -3.19611    -1.46658
11.1489  -3.19442    -1.46666
11.1443  -3.20091    -1.4673
11.1465  -3.2056    -1.46809
11.1371  -3.20352    -1.46661
11.1386  -3.20455    -1.46583
11.1453  -3.20543    -1.46692
11.146  -3.20885    -1.46702
11.1467  -3.21351    -1.46726
-10010 -10010 -10010
11.1565  -3.21086    -1.46721
11.1586  -3.21272    -1.46763
11.1541  -3.21414    -1.4667
11.1567  -3.21027    -1.4674
11.1475  -3.21286    -1.4671
11.1498  -3.21916    -1.46714
11.1541  -3.2147    -1.46774
11.1468  -3.21419    -1.46651
11.1441  -3.21441    -1.46691
11.1423  -3.22151    -1.46768
11.1489  -3.21698    -1.46696
11.1475  -3.21508    -1.46692
11.1485  -3.21418    -1.46664
11.1479  -3.21473    -1.46589
11.1512  -3.21457    -1.46659
11.1513  -3.21861    -1.46747
11.1577  -3.218    -1.46685
11.1608  -3.22155    -1.46701
11.1495  -3.22177    -1.46747
11.1515  -3.22109    -1.46809
11.1489  -3.22032    -1.4663
11.1458  -3.22236    -1.46642
11.1522  -3.22383    -1.46674
11.1544  -3.22484    -1.46876
11.1498  -3.22209    -1.4695
11.1469  -3.22615    -1.46837
11.1558  -3.23268    -1.46738
11.1518  -3.24229    -1.46702
11.1565  -3.25176    -1.46686
11.1544  -3.25964    -1.46646
11.1539  -3.26291    -1.46661
11.1532  -3.27642    -1.46621
11.1568  -3.287    -1.46704
11.1576  -3.29946    -1.46791
11.1662  -3.32176    -1.46831
11.1661  -3.34438    -1.46746
11.1798  -3.37796    -1.46644
11.1825  -3.41631    -1.46758
11.1842  -3.45896    -1.46751
11.1861  -3.50815    -1.4671
11.1924  -3.55468    -1.46629
11.1981  -3.60295    -1.46686
11.2057  -3.65261    -1.46677
11.2239  -3.70572    -1.46701
11.2248  -3.75395    -1.46626
11.2278  -3.79627    -1.46624
11.2245  -3.84464    -1.46537
11.2273  -3.89763    -1.46434
11.2378  -3.9511    -1.4639
11.2413  -3.99973    -1.46414
11.2491  -4.05066    -1.46389
11.2492  -4.10298    -1.46349
11.2645  -4.14303    -1.46317
11.2779  -4.19575    -1.46333
11.2832  -4.24508    -1.46323
11.2852  -4.29088    -1.46372
11.2992  -4.34575    -1.46383
11.3119  -4.39513    -1.46306
11.3235  -4.4419    -1.4627
11.3349  -4.50154    -1.46152
11.34  -4.54447    -1.4612
11.3443  -4.59255    -1.46109
11.35  -4.64569    -1.46192
11.3592  -4.68357    -1.46038
11.3668  -4.72625    -1.46108
11.3713  -4.78075    -1.46089
11.3788  -4.82761    -1.46094
11.3898  -4.88573    -1.46025
11.401  -4.9393    -1.46336
11.4031  -4.98638    -1.47025
11.4064  -5.0407    -1.47752
11.4105  -5.09365    -1.48135
11.4158  -5.14325    -1.48535
11.4206  -5.19876    -1.48853
11.4321  -5.24606    -1.49058
11.4397  -5.29524    -1.49248
11.4391  -5.34318    -1.4935
11.4364  -5.39716    -1.49456
11.4453  -5.44574    -1.49628
11.4475  -5.49621    -1.49835
11.4543  -5.54578    -1.49933
11.4609  -5.59306    -1.50099
11.4673  -5.64311    -1.50195
11.4738  -5.70134    -1.50397
11.4769  -5.74719    -1.50523
11.4818  -5.79304    -1.50665
11.4836  -5.84808    -1.508
11.4894  -5.89181    -1.51013
11.4974  -5.93802    -1.51114
11.5076  -5.99467    -1.51276
11.5154  -6.04559    -1.51495
11.5191  -6.087    -1.51716
11.5262  -6.14284    -1.51961
11.5252  -6.18353    -1.52
11.5237  -6.23355    -1.52077
11.5289  -6.28729    -1.52038
11.532  -6.33668    -1.52179
11.5333  -6.38676    -1.52335
11.5321  -6.42888    -1.52505
11.5369  -6.4899    -1.5261
11.5364  -6.54308    -1.52832
11.5341  -6.59814    -1.52892
11.5443  -6.64852    -1.53013
11.5434  -6.69088    -1.53063
11.5489  -6.74688    -1.53171
11.5608  -6.79145    -1.53468
11.5597  -6.83446    -1.53588
11.5595  -6.88905    -1.53769
11.5567  -6.93751    -1.53793
11.5514  -6.98465    -1.53881
11.5644  -7.03495    -1.54102
11.561  -7.08186    -1.54186
11.5642  -7.1374    -1.54329
11.5646  -7.19574    -1.54291
11.5682  -7.23981    -1.54556
11.5708  -7.28614    -1.54688
11.5688  -7.33795    -1.54887
11.5758  -7.3918    -1.54944
11.5845  -7.43289    -1.55211
11.5925  -7.48844    -1.55406
11.5949  -7.54432    -1.55513
11.5976  -7.59522    -1.55656
11.6004  -7.64215    -1.55783
11.6001  -7.69145    -1.55983
11.6059  -7.74412    -1.55985
11.5959  -7.79182    -1.56093
11.5956  -7.83585    -1.56176
11.6029  -7.88439    -1.56435
11.5967  -7.93717    -1.5654
11.5971  -7.98111    -1.56676
11.604  -8.03537    -1.56702
11.6078  -8.08154    -1.56794
11.6119  -8.12306    -1.57059
11.6123  -8.175    -1.57275
11.6075  -8.22865    -1.57354
11.6152  -8.2731    -1.57381
11.6067  -8.3255    -1.57628
11.6131  -8.38064    -1.57775
11.6104  -8.43424    -1.57765
11.6085  -8.47915    -1.57839
11.6116  -8.53646    -1.57981
11.6104  -8.5868    -1.58007
11.6151  -8.63687    -1.58212
11.615  -8.68748    -1.58344
11.618  -8.73943    -1.58536
11.618  -8.79062    -1.58638
11.6209  -8.8348    -1.58849
11.6252  -8.89523    -1.58203
11.6254  -8.95648    -1.56629
11.6324  -9.00302    -1.56035
11.6309  -9.05156    -1.55582
11.6315  -9.09881    -1.55339
11.6313  -9.15093    -1.5529
11.6296  -9.19994    -1.55038
11.6341  -9.24521    -1.54735
11.6354  -9.29427    -1.54228
11.6329  -9.34216    -1.53932
11.6401  -9.3892    -1.53704
11.6354  -9.43854    -1.53503
11.642  -9.48983    -1.53446
11.6443  -9.54051    -1.53422
11.6457  -9.5908    -1.53322
11.6466  -9.6406    -1.53285
11.6421  -9.69042    -1.53209
11.6406  -9.73886    -1.53229
11.6446  -9.79523    -1.5325
11.6428  -9.84192    -1.53082
11.6492  -9.88846    -1.53081
11.6563  -9.94422    -1.53011
11.6568  -9.99643    -1.52929
11.6516  -10.0398    -1.53034
11.6638  -10.0871    -1.52842
11.672  -10.1304    -1.52833
11.6762  -10.1837    -1.52941
11.6804  -10.2377    -1.52748
11.6847  -10.2881    -1.52612
11.6889  -10.3415    -1.52737
11.6949  -10.3948    -1.52661
11.7005  -10.4386    -1.52742
11.7054  -10.48    -1.52682
11.7085  -10.5287    -1.52481
11.7056  -10.5767    -1.52431
11.7103  -10.6263    -1.52523
11.7128  -10.6807    -1.52427
11.7166  -10.7332    -1.52313
11.7301  -10.7852    -1.52246
11.7372  -10.8421    -1.51555
11.7404  -10.8919    -1.51111
11.7442  -10.9406    -1.50748
11.7462  -10.9879    -1.50426
11.7495  -11.0349    -1.50347
11.7509  -11.0835    -1.5029
11.7528  -11.1291    -1.50107
11.7568  -11.1784    -1.50051
11.7666  -11.2162    -1.50047
11.7761  -11.2696    -1.49965
11.78  -11.3184    -1.49969
11.7869  -11.3722    -1.49885
11.7951  -11.4222    -1.49913
11.8029  -11.4744    -1.49773
11.8033  -11.5251    -1.4967
11.8123  -11.5729    -1.49399
11.8246  -11.6254    -1.4938
11.8256  -11.6768    -1.49345
11.8283  -11.7239    -1.49348
11.8349  -11.773    -1.49332
11.8345  -11.8181    -1.49393
11.8353  -11.87    -1.49218
11.8457  -11.9215    -1.49008
11.85  -11.9687    -1.49141
11.849  -12.0193    -1.48941
11.855  -12.0643    -1.48996
11.8565  -12.1148    -1.48923
11.8595  -12.1682    -1.48868
11.8674  -12.2191    -1.48791
11.8707  -12.2691    -1.48829
11.8735  -12.3184    -1.48808
11.8818  -12.3703    -1.48712
11.8865  -12.4212    -1.48606
11.8855  -12.471    -1.48508
11.8922  -12.5157    -1.48399
11.9002  -12.5625    -1.48328
11.908  -12.6137    -1.48406
11.9105  -12.6655    -1.48298
11.9174  -12.7162    -1.48313
11.9237  -12.7607    -1.4817
11.9336  -12.8136    -1.48145
11.94  -12.8639    -1.48126
11.9407  -12.9155    -1.48099
11.9431  -12.9635    -1.48054
11.9485  -13.0101    -1.47921
11.9492  -13.0598    -1.47891
11.9589  -13.1093    -1.47732
11.9666  -13.1629    -1.47891
11.9699  -13.2103    -1.47874
11.9761  -13.264    -1.47724
11.976  -13.3142    -1.476
11.989  -13.3634    -1.47582
11.9952  -13.4129    -1.47553
12.0033  -13.46    -1.4755
12.0161  -13.5072    -1.47492
12.0272  -13.5626    -1.47414
12.033  -13.6161    -1.47337
12.038  -13.6649    -1.47284
12.0427  -13.7111    -1.47259
12.0421  -13.7604    -1.47245
12.0448  -13.8073    -1.47017
12.0457  -13.8614    -1.46939
12.0511  -13.9127    -1.46988
12.0622  -13.9632    -1.46964
12.0762  -14.01    -1.46978
12.0831  -14.0613    -1.47379
12.082  -14.1162    -1.48275
12.0887  -14.173    -1.49127
12.0962  -14.2286    -1.49817
12.0977  -14.2823    -1.50427
12.1056  -14.3299    -1.508
12.1114  -14.3784    -1.51128
12.1113  -14.4304    -1.51343
12.1131  -14.4822    -1.51513
12.1178  -14.5346    -1.51697
12.1201  -14.5856    -1.51884
12.1276  -14.6386    -1.52129
12.1274  -14.6868    -1.52218
12.1274  -14.7316    -1.5258
12.133  -14.78    -1.52483
12.1366  -14.8306    -1.51941
12.1447  -14.8835    -1.51524
12.1474  -14.9309    -1.51315
12.1569  -14.9759    -1.50985
12.1642  -15.0286    -1.50875
12.1679  -15.0774    -1.50585
12.1673  -15.1255    -1.50556
12.1697  -15.178    -1.50593
12.18  -15.2293    -1.50335
12.1834  -15.276    -1.50425
12.1938  -15.3261    -1.50504
12.2005  -15.3786    -1.50503
12.2023  -15.4315    -1.50623
12.2059  -15.4839    -1.5044
12.2095  -15.5347    -1.50107
12.2136  -15.5804    -1.50047
12.2177  -15.633    -1.50146
12.2256  -15.6792    -1.49967
12.2283  -15.7266    -1.49963
12.2307  -15.7725    -1.50077
12.239  -15.8209    -1.49976
12.241  -15.868    -1.49865
12.2454  -15.9182    -1.49955
12.2486  -15.9692    -1.50265
12.2534  -16.0162    -1.50468
12.2618  -16.0623    -1.50862
12.2738  -16.1129    -1.50917
12.273  -16.163    -1.51266
12.2764  -16.214    -1.51351
12.2816  -16.2647    -1.51687
12.2849  -16.3158    -1.51878
12.2911  -16.3659    -1.51993
12.299  -16.4148    -1.52248
12.3008  -16.4658    -1.52274
12.3011  -16.5185    -1.52502
12.3043  -16.5714    -1.52415
12.3047  -16.6217    -1.52501
12.3093  -16.6685    -1.52774
12.308  -16.7143    -1.53195
12.3132  -16.7629    -1.52775
12.3244  -16.8102    -1.53113
12.3276  -16.86    -1.53136
12.3368  -16.9152    -1.53027
12.3367  -16.9633    -1.53272
12.3296  -17.012    -1.53843
12.3288  -17.0602    -1.53655
12.327  -17.1202    -1.53807
12.327  -17.1702    -1.53957
12.3232  -17.2146    -1.54168
12.3238  -17.2662    -1.54157
12.3236  -17.3163    -1.54168
12.3303  -17.366    -1.54225
12.332  -17.4165    -1.54332
12.3287  -17.4619    -1.5482
12.33  -17.5041    -1.55442
12.3257  -17.5463    -1.56184
12.3248  -17.5931    -1.57501
12.3237  -17.642    -1.58773
12.3196  -17.698    -1.59875
12.318  -17.7462    -1.61
12.3257  -17.7987    -1.62701
12.3232  -17.8442    -1.64918
12.3105  -17.8915    -1.68064
12.3006  -17.9269    -1.72016
12.2926  -17.9702    -1.77525
12.2744  -18.0157    -1.85211
12.2658  -18.0755    -1.94171
12.2408  -18.1207    -2.03718
12.2169  -18.1644    -2.13375
12.1924  -18.2099    -2.23225
12.1653  -18.2491    -2.33153
12.1383  -18.2842    -2.43232
12.1116  -18.3168    -2.53127
12.0742  -18.3475    -2.61984
12.0303  -18.3656    -2.68851
11.979  -18.392    -2.72964
11.9305  -18.4093    -2.75436
11.8846  -18.4295    -2.7612
11.8345  -18.4421    -2.77198
11.785  -18.4577    -2.77245
11.7422  -18.4738    -2.77801
11.6883  -18.4918    -2.78542
11.6411  -18.5118    -2.79285
11.5883  -18.5263    -2.80689
11.5363  -18.5437    -2.84754
11.489  -18.5634    -2.89885
11.449  -18.5752    -2.94629
11.4116  -18.5911    -2.98144
11.3583  -18.6054    -3.00094
11.3008  -18.6177    -3.00661
11.2527  -18.621    -3.00955
11.1961  -18.6319    -3.01386
11.1436  -18.6341    -3.01643
11.0903  -18.6518    -3.01154
11.0373  -18.6567    -3.0113
10.9829  -18.6566    -3.01681
10.9368  -18.6538    -3.02138
10.892  -18.661    -3.02422
10.843  -18.6687    -3.02238
10.7965  -18.6761    -3.02114
10.7464  -18.6896    -3.01694
10.6926  -18.6957    -3.00013
10.6417  -18.7056    -2.9847
10.5921  -18.7156    -2.97908
10.5496  -18.7292    -2.97288
10.5044  -18.7406    -2.96748
10.4555  -18.749    -2.96278
10.4104  -18.765    -2.96203
10.37  -18.7814    -2.95881
10.3151  -18.7871    -2.94958
10.2679  -18.79    -2.94535
10.2186  -18.8073    -2.94384
10.1716  -18.8223    -2.93959
10.1309  -18.8375    -2.93889
10.0808  -18.8489    -2.9367
10.0233  -18.8601    -2.93718
9.97345  -18.8696    -2.93561
9.92195  -18.8809    -2.93368
9.86557  -18.8896    -2.9344
9.81093  -18.9008    -2.93331
9.76099  -18.9148    -2.93244
9.71945  -18.9251    -2.93278
9.6668  -18.9361    -2.93186
9.61166  -18.9516    -2.93228
9.56684  -18.9646    -2.93147
9.51448  -18.9819    -2.93154
9.46619  -19.0029    -2.93105
9.41584  -19.0115    -2.93162
9.37024  -19.0301    -2.93096
9.31998  -19.0376    -2.93011
9.2694  -19.0548    -2.92996
9.21875  -19.0691    -2.93226
9.17053  -19.0784    -2.92961
9.1222  -19.0873    -2.93031
9.0801  -19.0991    -2.92929
9.02759  -19.1088    -2.9286
8.97759  -19.1151    -2.92811
8.9207  -19.1241    -2.92678
8.86857  -19.1382    -2.92642
8.81762  -19.1551    -2.9268
8.76343  -19.1616    -2.92805
8.71536  -19.1807    -2.92786
8.66531  -19.191    -2.92627
8.61752  -19.2086    -2.92664
8.57039  -19.2161    -2.9261
8.523  -19.2281    -2.92535
8.47336  -19.2309    -2.92526
8.4237  -19.2448    -2.92617
8.37593  -19.2594    -2.9246
8.32979  -19.2721    -2.924
8.27932  -19.2865    -2.92388
8.23512  -19.3004    -2.92396
8.18196  -19.3153    -2.92339
8.13451  -19.3229    -2.92413
8.08689  -19.3411    -2.92259
8.0402  -19.3454    -2.92327
8.00166  -19.3575    -2.922
7.95519  -19.3696    -2.92186
7.90677  -19.3868    -2.92122
7.85212  -19.4051    -2.92167
7.80273  -19.4212    -2.92252
7.75833  -19.4268    -2.92061
7.70635  -19.4375    -2.92274
7.66949  -19.4488    -2.92114
7.62577  -19.4563    -2.91994
7.57951  -19.4682    -2.92054
7.53351  -19.4756    -2.91959
7.485  -19.4876    -2.91822
7.43211  -19.5002    -2.91936
7.38278  -19.5115    -2.91961
7.33715  -19.5188    -2.91747
7.28674  -19.5248    -2.91717
7.24585  -19.5367    -2.91823
7.20134  -19.5504    -2.92409
7.15533  -19.5639    -2.92621
7.10237  -19.5766    -2.92847
7.05168  -19.5835    -2.93318
6.9986  -19.5965    -2.93444
6.94598  -19.6054    -2.93726
6.89796  -19.6158    -2.93827
6.85443  -19.6258    -2.93902
6.81156  -19.6381    -2.94062
6.76189  -19.6507    -2.94251
6.70892  -19.6659    -2.94819
6.65756  -19.6787    -2.95135
6.60448  -19.6887    -2.95236
6.55436  -19.6968    -2.95636
6.50773  -19.7049    -2.95744
6.45747  -19.7173    -2.96339
6.41344  -19.7281    -2.977
6.3632  -19.7338    -2.99497
6.316  -19.739    -3.01857
6.26858  -19.743    -3.04474
6.21429  -19.7468    -3.06282
6.15661  -19.7502    -3.07494
6.10546  -19.7574    -3.08194
6.05521  -19.757    -3.08598
6.01153  -19.7635    -3.08923
5.96266  -19.7677    -3.09008
5.91402  -19.762    -3.09567
5.86364  -19.7678    -3.0906
5.81957  -19.7747    -3.09302
5.76578  -19.7825    -3.09069
5.71977  -19.7838    -3.08883
5.66944  -19.7883    -3.08646
5.61456  -19.792    -3.08575
5.56303  -19.7945    -3.08477
5.51774  -19.8026    -3.08279
5.46822  -19.8009    -3.08426
5.41918  -19.8082    -3.08268
5.37113  -19.817    -3.08402
5.31797  -19.8249    -3.08367
5.26664  -19.832    -3.08374
5.21538  -19.8382    -3.08047
5.15814  -19.8429    -3.08109
5.10868  -19.8507    -3.08198
5.06021  -19.8632    -3.07975
5.01254  -19.8686    -3.08213
4.95304  -19.8753    -3.0809
4.91034  -19.8737    -3.07886
4.85555  -19.8762    -3.078
4.80789  -19.8821    -3.07927
4.75678  -19.8853    -3.07965
4.70272  -19.8845    -3.08009
4.65026  -19.8921    -3.07911
4.60101  -19.8928    -3.07681
4.54897  -19.8952    -3.07709
4.49996  -19.8937    -3.07704
4.44773  -19.8978    -3.07891
4.39077  -19.9033    -3.07633
4.34082  -19.9093    -3.07623
4.28753  -19.9111    -3.07451
4.23534  -19.9115    -3.07704
4.18542  -19.9172    -3.07646
4.13257  -19.9206    -3.07787
4.08295  -19.9239    -3.07583
4.03656  -19.931    -3.07436
3.983  -19.9398    -3.07391
3.9343  -19.948    -3.07447
3.88612  -19.9527    -3.07466
3.83622  -19.958    -3.07446
3.78825  -19.9649    -3.07483
3.74622  -19.9772    -3.07811
3.69462  -19.9834    -3.08043
3.64739  -19.982    -3.08247
3.59885  -19.9843    -3.08602
3.55113  -19.9922    -3.08725
3.50333  -19.9905    -3.0892
3.45134  -19.9967    -3.09158
3.40377  -20.0018    -3.09252
3.35895  -20.0089    -3.09414
3.31077  -20.0141    -3.0958
3.25968  -20.0162    -3.09807
3.21067  -20.0179    -3.10143
3.16647  -20.0231    -3.10299
3.11775  -20.0196    -3.10307
3.06779  -20.0225    -3.10512
3.02062  -20.0245    -3.1052
2.96984  -20.0243    -3.10526
2.91906  -20.0223    -3.10903
2.86804  -20.028    -3.10758
2.81815  -20.0319    -3.11075
2.7611  -20.0327    -3.11111
2.70962  -20.0334    -3.11376
2.64613  -20.0329    -3.12115
2.59603  -20.0328    -3.13163
2.55142  -20.0325    3.13823
2.50971  -20.0298    3.12069
2.45746  -20.0311    3.1045
2.40453  -20.0329    3.09192
2.3526  -20.0324    3.08827
2.30496  -20.0274    3.08465
2.25522  -20.0251    3.08022
2.21057  -20.0229    3.07838
2.15857  -20.0187    3.07678
2.11016  -20.0143    3.07712
2.05964  -20.0127    3.07436
2.00477  -20.0074    3.07055
1.95265  -20.0059    3.07165
1.90207  -20.0028    3.07069
1.84806  -19.9967    3.06887
1.80256  -19.9975    3.06862
1.75556  -19.9928    3.06584
1.7093  -19.9878    3.06456
1.65818  -19.9837    3.06185
1.606  -19.9817    3.06068
1.55024  -19.9781    3.05768
1.49632  -19.9755    3.05688
1.44359  -19.9712    3.05383
1.39623  -19.9682    3.05148
1.3455  -19.9635    3.04983
1.29936  -19.9592    3.05077
1.24512  -19.953    3.04888
1.20231  -19.9509    3.04762
1.15344  -19.9511    3.04516
1.09605  -19.9466    3.04386
1.05129  -19.9427    3.04219
0.997963  -19.9431    3.03808
0.945709  -19.939    3.03567
0.894291  -19.9342    3.02904
0.849786  -19.9266    3.02662
0.801125  -19.9214    3.02264
0.757877  -19.9175    3.02038
0.709183  -19.9103    3.01817
0.655105  -19.9054    3.01511
0.61222  -19.8994    3.01251
0.557732  -19.898    3.01105
0.503516  -19.8935    3.00689
0.453495  -19.8892    3.00809
0.399949  -19.8861    3.00571
0.351014  -19.8806    3.00506
0.310745  -19.875    3.0043
0.260843  -19.8696    3.00055
0.210054  -19.8665    3.00045
0.157567  -19.861    3.00033
0.113642  -19.8516    2.99834
0.0616424  -19.846    2.99425
0.0145669  -19.8359    2.9938
-0.034376  -19.8317    2.99104
-0.0897704  -19.8283    2.9908
-0.143264  -19.8207    2.98955
-0.196879  -19.8151    2.98651
-0.247712  -19.8087    2.98518
-0.301346  -19.8028    2.9838
-0.353869  -19.7958    2.98366
-0.406305  -19.7915    2.98417
-0.462488  -19.7867    2.9921
-0.514778  -19.7818    3.00957
-0.568634  -19.7778    3.02394
-0.629612  -19.7802    3.03104
-0.684647  -19.7787    3.02983
-0.733209  -19.7749    3.03157
-0.782005  -19.7689    3.03486
-0.827727  -19.7662    3.04973
-0.880672  -19.7659    3.06796
-0.932875  -19.7677    3.08017
-0.982855  -19.7676    3.0829
-1.02869  -19.7653    3.08589
-1.079  -19.767    3.08535
-1.12814  -19.7674    3.08489
-1.17453  -19.7666    3.08831
-1.22776  -19.7638    3.09919
-1.27869  -19.7725    3.10927
-1.32989  -19.7788    3.1126
-1.37112  -19.7801    3.11316
-1.42062  -19.7801    3.1165
-1.4658  -19.7827    3.12418
-1.51482  -19.7772    3.13464
-1.56372  -19.7786    3.14127
-1.61772  -19.7749    -3.13655
-1.65965  -19.7725    -3.13186
-1.70294  -19.7693    -3.13002
-1.7603  -19.7669    -3.12378
-1.80578  -19.7676    -3.11149
-1.86169  -19.7638    -3.10469
-1.90984  -19.7686    -3.09998
-1.96614  -19.7726    -3.09735
-2.01837  -19.7762    -3.09671
-2.06358  -19.7716    -3.0949
-2.11499  -19.778    -3.0926
-2.16103  -19.7835    -3.08387
-2.20964  -19.7912    -3.07497
-2.24858  -19.7921    -3.06817
-2.30053  -19.7977    -3.06722
-2.348  -19.8029    -3.06489
-2.4009  -19.8125    -3.06389
-2.44655  -19.8174    -3.06347
-2.4928  -19.8169    -3.06006
-2.53414  -19.8197    -3.05787
-2.58439  -19.8241    -3.0573
-2.63895  -19.8351    -3.05641
-2.68936  -19.845    -3.05593
-2.74213  -19.8529    -3.05586
-2.79091  -19.8524    -3.05447
-2.83826  -19.8581    -3.05478
-2.88477  -19.8707    -3.05513
-2.93554  -19.8721    -3.05434
-2.99041  -19.8748    -3.05218
-3.04465  -19.878    -3.05254
-3.08282  -19.8788    -3.05053
-3.13835  -19.8901    -3.04449
-3.18182  -19.9023    -3.03552
-3.22697  -19.9166    -3.02133
-3.2829  -19.9251    -3.00437
-3.32583  -19.9296    -2.98372
-3.38842  -19.943    -2.96367
-3.43551  -19.956    -2.94367
-3.48317  -19.9679    -2.92158
-3.5331  -19.9769    -2.89885
-3.57432  -19.9951    -2.87387
-3.62499  -20.011    -2.84485
-3.67762  -20.0368    -2.8099
-3.72558  -20.0538    -2.77314
-3.7721  -20.0696    -2.73396
-3.81822  -20.0918    -2.69162
-3.85788  -20.1207    -2.65068
-3.90146  -20.1449    -2.60727
-3.94293  -20.1738    -2.56289
-3.9814  -20.2086    -2.51617
-4.0132  -20.2442    -2.46465
-4.05434  -20.2781    -2.4077
-4.09398  -20.3034    -2.34541
-4.13236  -20.3331    -2.2826
-4.16778  -20.3616    -2.21881
-4.18398  -20.3915    -2.15858
-4.22246  -20.4291    -2.1009
-4.23649  -20.4766    -2.04466
-4.25143  -20.5215    -1.98818
-4.26403  -20.5639    -1.93054
-4.28349  -20.6101    -1.87401
-4.30479  -20.6522    -1.81857
-4.31565  -20.7083    -1.76603
-4.32619  -20.7541    -1.71759
-4.32715  -20.7957    -1.6773
-4.32496  -20.8546    -1.65509
-4.32522  -20.9114    -1.64533
-4.32918  -20.973    -1.6334
-4.33431  -21.0185    -1.6303
-4.33081  -21.0668    -1.62887
-4.32303  -21.1089    -1.62933
-4.322  -21.1527    -1.62883
-4.32289  -21.2004    -1.62877
-4.32232  -21.2473    -1.62529
-4.31529  -21.3001    -1.61381
-4.3093  -21.352    -1.59924
-4.31335  -21.4072    -1.58049
-4.31689  -21.45    -1.56638
-4.31309  -21.5058    -1.55661
-4.30122  -21.5618    -1.54882
-4.29266  -21.6106    -1.54552
-4.28993  -21.6557    -1.54504
-4.28648  -21.7079    -1.54443
-4.28564  -21.7556    -1.54392
-4.27972  -21.7862    -1.54402
-4.28015  -21.7942    -1.54238
-4.28274  -21.7991    -1.54022
-4.27677  -21.8041    -1.53799
-4.27448  -21.811    -1.53767
-4.27002  -21.8184    -1.53838
-4.26636  -21.8192    -1.53672
-4.26082  -21.8166    -1.53735
-4.26061  -21.8175    -1.5362
-4.2646  -21.8129    -1.53588
-4.26172  -21.8148    -1.53567
-4.26461  -21.8209    -1.53491
-10010 -10010 -10010
-4.26647  -21.8184    -1.53639
-4.26888  -21.8204    -1.53589
-4.27183  -21.8237    -1.53707
-4.27068  -21.8264    -1.53733
-4.27463  -21.8165    -1.53666
-4.26609  -21.8188    -1.53574
-4.26157  -21.8232    -1.53662
-4.26216  -21.8262    -1.53646
-4.26252  -21.8265    -1.53576
-4.26711  -21.8253    -1.53504
-4.27423  -21.8261    -1.53437
-4.27324  -21.8211    -1.53429
-4.26332  -21.8184    -1.53404
-4.26073  -21.8233    -1.534
-4.26075  -21.8263    -1.53437
-4.26299  -21.8255    -1.53335
-4.26692  -21.8246    -1.53381
-4.26136  -21.8185    -1.53307
-4.26244  -21.8186    -1.53408
-4.26171  -21.8165    -1.53454
-4.26992  -21.819    -1.53828
-4.26955  -21.8188    -1.55609
-4.26549  -21.8335    -1.56259
-4.26737  -21.8165    -1.58513
-4.27537  -21.8226    -1.59625
-4.28134  -21.8089    -1.6143
-4.27931  -21.8099    -1.63099
-4.27742  -21.8143    -1.64799
-4.27719  -21.8143    -1.66531
-4.27614  -21.8148    -1.68201
-4.28366  -21.819    -1.69814
-4.28512  -21.8156    -1.72304
-4.28022  -21.817    -1.75929
-4.28636  -21.8142    -1.81747
-4.28292  -21.8095    -1.8876
-4.28153  -21.8067    -1.96032
-4.28698  -21.8131    -2.04087
-4.28041  -21.7992    -2.13401
-4.28159  -21.8002    -2.22803
-4.28455  -21.8018    -2.32558
-4.2782  -21.7926    -2.425
-4.27019  -21.7922    -2.52715
-4.26444  -21.7943    -2.62635
-4.26214  -21.8077    -2.72536
-4.26342  -21.8072    -2.82417
-4.26607  -21.8096    -2.92534
-4.26784  -21.826    -3.02276
-4.28005  -21.8146    -3.02849
-4.28582  -21.813    -3.02878
-4.28036  -21.8125    -3.08438
-4.28791  -21.8157    -3.10821
-4.28965  -21.8177    -3.12187
-4.2914  -21.8127    -3.13505
-4.28725  -21.816    -3.13725
-4.29444  -21.8157    -3.13813
-4.2866  -21.815    -3.13862
-4.28881  -21.8141    -3.13914
-4.28772  -21.8114    -3.13927
-4.28747  -21.8121    -3.13952
-4.28683  -21.8132    3.14155
-4.28421  -21.8089    -3.14077
-4.27937  -21.8112    -3.13994
-4.27662  -21.8124    -3.14008
-4.28484  -21.8123    -3.13936
-4.29182  -21.8141    -3.14044
-4.29976  -21.818    -3.14152
-4.30461  -21.8184    3.14019
-4.31354  -21.8157    3.1387
-4.32452  -21.8206    3.13811
-4.34586  -21.8177    3.13756
-4.37709  -21.816    3.13496
-4.41893  -21.808    3.13243
-4.47212  -21.8103    3.12961
-4.51712  -21.8061    3.12783
-4.56931  -21.8077    3.12523
-4.62401  -21.8143    3.12257
-4.67625  -21.8192    3.12033
-4.71514  -21.8185    3.11876
-4.76271  -21.8122    3.11536
-4.80994  -21.8152    3.11423
-4.86244  -21.821    3.11238
-4.91331  -21.8231    3.11036
-4.96551  -21.8167    3.10837
-5.01661  -21.8123    3.10568
-5.06284  -21.8103    3.09969
-5.11334  -21.8095    3.08749
-5.17283  -21.802    3.06781
-5.21804  -21.798    3.04495
-5.26999  -21.797    3.01247
-5.31875  -21.794    2.97238
-5.36674  -21.7841    2.9284
-5.4095  -21.7723    2.88253
-5.4525  -21.7574    2.8341
-5.49905  -21.7439    2.78922
-5.53977  -21.726    2.74288
-5.58267  -21.7059    2.70672
-5.62979  -21.6864    2.67457
-5.67369  -21.6605    2.6567
-5.71826  -21.6445    2.64644
-5.76555  -21.6238    2.64371
-5.81298  -21.5971    2.6428
-5.86287  -21.5715    2.63992
-5.90867  -21.553    2.6368
-5.95611  -21.5303    2.63355
-6.00392  -21.506    2.63381
-6.04419  -21.4858    2.62985
-6.09146  -21.4736    2.6266
-6.14037  -21.4441    2.6256
-6.18231  -21.4241    2.62268
-6.22874  -21.4025    2.62019
-6.27207  -21.3737    2.61663
-6.30644  -21.3514    2.61578
-6.35273  -21.3324    2.61641
-6.39389  -21.3063    2.61719
-6.43556  -21.2859    2.61987
-6.46718  -21.2655    2.62397
-6.52067  -21.245    2.63117
-6.56072  -21.2188    2.63873
-6.60577  -21.1907    2.65037
-6.64818  -21.1705    2.66327
-6.69995  -21.1507    2.67708
-6.74752  -21.1311    2.68912
-6.79582  -21.1089    2.69661
-6.84386  -21.0857    2.70519
-6.89024  -21.0671    2.71338
-6.93733  -21.0453    2.72189
-6.98048  -21.0305    2.72741
-7.02878  -21.0129    2.73371
-7.07586  -20.9922    2.74723
-7.12505  -20.9752    2.76039
-7.16627  -20.9577    2.77112
-7.21784  -20.9423    2.784
-7.2685  -20.9241    2.79465
-7.31356  -20.9104    2.80436
-7.36459  -20.8931    2.81845
-7.40734  -20.8805    2.83212
-7.46267  -20.8663    2.84917
-7.51684  -20.8595    2.8687
-7.57375  -20.8479    2.88962
-7.62185  -20.8347    2.90797
-7.67457  -20.8303    2.926
-7.72383  -20.823    2.9463
-7.77429  -20.8131    2.96692
-7.82564  -20.8012    2.98926
-7.87414  -20.7887    3.00736
-7.92704  -20.7854    3.02731
-7.97374  -20.784    3.03942
-8.01949  -20.7825    3.0497
-8.06948  -20.778    3.05213
-8.12113  -20.7771    3.05374
-8.17623  -20.7749    3.05451
-8.22844  -20.7727    3.05598
-8.27188  -20.7661    3.05804
-8.32446  -20.7599    3.05525
-8.3777  -20.7516    3.057
-8.42559  -20.7438    3.0589
-8.47548  -20.7412    3.05905
-8.52549  -20.7385    3.06073
-8.5737  -20.729    3.06202
-8.62234  -20.7226    3.06179
-8.6739  -20.7213    3.06412
-8.72203  -20.7202    3.06365
-8.7709  -20.7194    3.06655
-8.81968  -20.7159    3.06728
-8.86484  -20.7154    3.06838
-8.91626  -20.7162    3.06702
-8.9682  -20.7166    3.0679
-9.02029  -20.715    3.0679
-9.07458  -20.7126    3.06889
-9.12606  -20.7072    3.07106
-9.17689  -20.7053    3.07072
-9.22908  -20.7013    3.07128
-9.2812  -20.7046    3.06998
-9.3316  -20.7022    3.06973
-9.3818  -20.6978    3.07251
-9.43881  -20.6954    3.07385
-9.48678  -20.6918    3.07133
-9.53816  -20.687    3.07162
-9.58319  -20.6829    3.07107
-9.63543  -20.6771    3.07326
-9.68864  -20.6714    3.0749
-9.74067  -20.6675    3.07455
-9.79258  -20.6636    3.07228
-9.84397  -20.6593    3.07364
-9.89674  -20.6571    3.07396
-9.94662  -20.6551    3.07157
-9.99697  -20.6526    3.07151
-10.0498  -20.6502    3.07836
-10.0958  -20.6468    3.07682
-10.1438  -20.6438    3.07505
-10.1942  -20.6413    3.07509
-10.2447  -20.6382    3.07938
-10.2972  -20.6357    3.0747
-10.3484  -20.6278    3.0755
-10.3943  -20.6253    3.0774
-10.4462  -20.6272    3.07588
-10.4938  -20.624    3.07732
-10.5508  -20.6236    3.08291
-10.5982  -20.6209    3.08616
-10.649  -20.617    3.08498
-10.7002  -20.6155    3.08821
-10.7532  -20.6137    3.08943
-10.8088  -20.6073    3.087
-10.8588  -20.6041    3.08481
-10.9096  -20.6046    3.08693
-10.9597  -20.6017    3.08706
-11.0054  -20.6002    3.09071
-11.0554  -20.6008    3.09187
-11.1026  -20.5983    3.09773
-11.1505  -20.5973    3.09349
-11.1981  -20.5965    3.10064
-11.2528  -20.594    3.10216
-11.3052  -20.5918    3.09624
-11.3556  -20.5917    3.09893
-11.4027  -20.587    3.09561
-11.4512  -20.5812    3.09881
-11.5012  -20.5796    3.10176
-11.5483  -20.576    3.10059
-11.5985  -20.5739    3.10045
-11.6519  -20.5672    3.09947
-11.7064  -20.5668    3.10243
-11.7568  -20.5671    3.10243
-11.8099  -20.5651    3.10589
-11.8594  -20.5632    3.10873
-11.9112  -20.5632    3.10713
-11.9608  -20.562    3.10342
-12.011  -20.5595    3.1063
-12.0606  -20.5579    3.10609
-12.1127  -20.5553    3.10184
-12.1652  -20.5531    3.10976
-12.218  -20.5527    3.10497
-12.2647  -20.5518    3.10778
-12.3077  -20.5521    3.10339
-12.3582  -20.5476    3.1065
-12.4077  -20.5467    3.10429
-12.4569  -20.5441    3.111
-12.5097  -20.5424    3.13182
-12.5635  -20.5418    -3.14131
-12.6138  -20.5429    3.13991
-12.6643  -20.5425    -3.13639
-12.7135  -20.5417    -3.13928
-12.7665  -20.5409    3.14017
-12.8166  -20.543    -3.13682
-12.8654  -20.5425    -3.139
-12.918  -20.5408    -3.14063
-12.9725  -20.5407    -3.13901
-13.0206  -20.5404    -3.13385
-13.0691  -20.5432    -3.13319
-13.1191  -20.544    -3.13279
-13.1699  -20.5461    -3.13006
-13.2156  -20.5471    -3.12956
-13.2675  -20.5472    -3.12819
-13.3186  -20.5505    -3.1308
-13.3564  -20.5543    -3.12724
-13.4103  -20.5562    -3.11833
-13.4599  -20.5581    -3.11748
-13.5099  -20.557    -3.11396
-13.5539  -20.5583    -3.11336
-13.5979  -20.56    -3.11463
-13.6402  -20.5582    -3.12331
-13.6891  -20.5576    -3.11801
-13.7404  -20.5614    -3.10099
-13.7869  -20.5694    -3.09241
-13.8311  -20.5707    -3.08789
-13.8749  -20.5702    -3.08597
-13.9247  -20.5729    -3.08655
-13.969  -20.5792    -3.07976
-14.0195  -20.5831    -3.07074
-14.0682  -20.5885    -3.07368
-14.118  -20.5894    -3.08019
-14.1678  -20.5941    -3.08181
-14.2147  -20.5991    -3.08598
-14.2627  -20.6026    -3.08455
-14.3154  -20.6051    -3.08885
-14.3702  -20.6093    -3.08509
-14.4211  -20.6126    -3.08538
-14.4732  -20.6145    -3.08676
-14.5246  -20.6206    -3.08602
-14.5732  -20.6233    -3.084
-14.6224  -20.6278    -3.07962
-14.6658  -20.6293    -3.07369
-14.7125  -20.6359    -3.07518
-14.7576  -20.6409    -3.0737
-14.8043  -20.6445    -3.07834
-14.8518  -20.6517    -3.08008
-14.9055  -20.6548    -3.07855
-14.9558  -20.6593    -3.07538
-15.007  -20.6633    -3.07748
-15.0581  -20.6666    -3.07463
-15.1091  -20.6702    -3.06975
-15.1612  -20.675    -3.07624
-15.2161  -20.6789    -3.07407
-15.2639  -20.6859    -3.06177
-15.3092  -20.6913    -3.04947
-15.3587  -20.6949    -3.05812
-15.4096  -20.6985    -3.06069
-15.4581  -20.7044    -3.06319
-15.5035  -20.7119    -3.06327
-15.5554  -20.717    -3.06716
-15.602  -20.7195    -3.07273
-15.6549  -20.7251    -3.06695
-15.7025  -20.7272    -3.07176
-15.7526  -20.7337    -3.07372
-15.7994  -20.7379    -3.08674
-15.85  -20.7442    -3.08313
-15.9021  -20.7464    -3.08274
-15.9483  -20.7505    -3.08495
-15.998  -20.7524    -3.088
-16.0529  -20.7586    -3.09892
-16.1062  -20.7613    -3.09306
-16.158  -20.7642    -3.09775
-16.2066  -20.7692    -3.0985
-16.2545  -20.7728    -3.09185
-16.3009  -20.7795    -3.09347
-16.3539  -20.786    -3.09384
-16.4067  -20.7916    -3.09898
-16.4604  -20.7986    -3.09537
-16.5085  -20.8001    -3.09577
-16.5581  -20.8019    -3.10083
-16.6048  -20.8051    -3.10384
-16.6573  -20.8067    -3.10396
-16.7105  -20.8102    -3.09453
-16.7555  -20.8149    -3.09216
-16.8065  -20.8188    -3.08607
-16.8563  -20.8299    -3.07776
-16.9121  -20.8325    -3.08152
-16.959  -20.8405    -3.07364
-17.0102  -20.8421    -3.07795
-17.0544  -20.8431    -3.07741
-17.1018  -20.8472    -3.0764
-17.1557  -20.8534    -3.08248
-17.2071  -20.8557    -3.08239
-17.2578  -20.8596    -3.07797
-17.3111  -20.863    -3.08109
-17.3615  -20.8661    -3.08193
-17.412  -20.8679    -3.08566
-17.4601  -20.8719    -3.07797
-17.505  -20.876    -3.06084
-17.5563  -20.8828    -3.05677
-17.6039  -20.8876    -3.05973
-17.6488  -20.8918    -3.07264
-17.6972  -20.8951    -3.09747
-17.7457  -20.8943    -3.12496
-17.793  -20.896    -3.13589
-17.8416  -20.899    -3.13813
-17.8848  -20.8996    3.13029
-17.9388  -20.8928    3.11617
-17.9856  -20.889    3.11891
-18.0353  -20.8923    3.13983
-18.0858  -20.8927    3.13655
-18.1346  -20.8935    3.13392
-18.1789  -20.8956    3.13293
-18.2229  -20.8942    3.12935
-18.274  -20.8897    3.11848
-18.3247  -20.8894    3.10805
-18.3829  -20.8855    3.10369
-18.4364  -20.8854    3.10002
-18.4881  -20.8841    3.10697
-18.5399  -20.8834    3.10921
-18.592  -20.8805    3.10844
-18.6446  -20.8828    3.10677
-18.6941  -20.879    3.10801
-18.7504  -20.8805    3.12905
-18.8015  -20.8808    3.13493
-18.8555  -20.8801    3.11502
-18.9056  -20.8773    3.10714
-18.9544  -20.8762    3.10673
-19.0009  -20.8743    3.10826
-19.0533  -20.8704    3.09307
-19.1051  -20.8663    3.09917
-19.1581  -20.8656    3.114
-19.2086  -20.8642    3.10977
-19.2538  -20.8626    3.13372
-19.3049  -20.8596    3.12298
-19.3469  -20.8554    3.13602
-19.3951  -20.8542    3.13312
-19.4442  -20.855    -3.13654
-19.4952  -20.8566    -3.13261
-19.5532  -20.859    -3.09939
-19.603  -20.8622    -3.07876
-19.6513  -20.8654    -3.08358
-19.7005  -20.8684    -3.08312
-19.7506  -20.8713    -3.08313
-19.7978  -20.8704    -3.0935
-19.8536  -20.8714    -3.09712
-19.9016  -20.8761    -3.09183
-19.9473  -20.8804    -3.09863
-19.9986  -20.8872    -3.08917
-20.0498  -20.8927    -3.08075
-20.0985  -20.8963    -3.08953
-20.145  -20.9009    -3.09304
-20.1939  -20.9038    -3.09478
-20.2408  -20.9048    -3.10077
-20.29  -20.9081    -3.10257
-20.3455  -20.9113    -3.12183
-20.3953  -20.9138    -3.11998
-20.4462  -20.9162    -3.1153
-20.4993  -20.9207    -3.12197
-20.548  -20.9237    -3.12369
-20.5941  -20.9247    -3.12536
-20.64  -20.9257    -3.12166
-20.6903  -20.9301    -3.1199
-20.7384  -20.9328    -3.12306
-20.7848  -20.9333    -3.11999
-20.8388  -20.9353    -3.12227
-20.8872  -20.9345    -3.12121
-20.9356  -20.9338    -3.11911
-20.9882  -20.9381    -3.11317
-21.0329  -20.9385    -3.1189
-21.086  -20.9424    -3.12019
-21.1396  -20.9437    -3.12494
-21.1912  -20.9473    -3.1092
-21.2401  -20.9496    -3.09324
-21.2935  -20.9493    -3.08936
-21.3428  -20.9526    -3.09085
-21.3933  -20.9588    -3.10819
-21.4458  -20.9647    -3.1232
-21.4985  -20.9655    -3.12537
-21.5497  -20.9685    -3.12453
-21.6054  -20.9704    -3.12374
-21.6609  -20.9727    -3.13096
-21.7126  -20.9731    -3.1397
-21.761  -20.9721    3.13224
-21.8043  -20.974    -3.14045
-21.8564  -20.9759    3.13729
-21.9061  -20.9769    -3.14015
-21.9505  -20.9752    -3.13452
-22.0016  -20.9772    -3.13062
-22.0515  -20.9789    -3.13662
-22.0987  -20.9784    -3.12679
-22.14  -20.9791    -3.11786
-22.1894  -20.9818    -3.1288
-22.2388  -20.9839    -3.12931
-22.2848  -20.9871    -3.12742
-22.3354  -20.9931    -3.12397
-22.3821  -20.9961    -3.10658
-22.4307  -21.0019    -3.11107
-22.4801  -21.0057    -3.10501
-22.5233  -21.0114    -3.11369
-22.5765  -21.0151    -3.11724
-22.625  -21.0206    -3.11
-22.6744  -21.0215    -3.11452
-22.7233  -21.027    -3.11222
-22.779  -21.0313    -3.11654
-22.8319  -21.0347    -3.1082
-22.8828  -21.0387    -3.10991
-22.9331  -21.0428    -3.10057
-22.9838  -21.048    -3.10045
-23.0393  -21.0542    -3.09487
-23.0896  -21.0554    -3.09816
-23.1396  -21.0612    -3.09409
-23.191  -21.0654    -3.09364
-23.2438  -21.0719    -3.1085
-23.2939  -21.0738    -3.10886
-23.342  -21.0781    -3.10176
-23.3936  -21.0799    -3.10052
-23.4427  -21.0814    -3.11018
-23.4971  -21.0829    -3.09409
-23.5429  -21.0845    -3.0908
-23.5923  -21.0872    -3.08723
-23.6444  -21.0908    -3.08661
-23.6955  -21.0951    -3.08076
-23.7456  -21.1004    -3.0777
-23.7954  -21.1044    -3.07458
-23.8448  -21.1093    -3.07227
-23.8954  -21.1185    -3.06549
-23.9495  -21.1255    -3.06324
-23.9989  -21.1322    -3.05711
-24.0505  -21.1374    -3.05677
-24.1034  -21.1454    -3.055
-24.1585  -21.1526    -3.05024
-24.2045  -21.1592    -3.05224
-24.257  -21.1701    -3.04576
-24.3087  -21.1795    -3.04466
-24.3576  -21.1882    -3.04005
-24.409  -21.1974    -3.04211
-24.4612  -21.2087    -3.03262
-24.511  -21.2196    -3.02725
-24.5601  -21.2283    -3.02583
-24.6139  -21.237    -3.0258
-24.66  -21.2456    -3.02188
-24.7087  -21.2563    -3.03395
-24.7554  -21.2631    -3.03986
-24.8043  -21.2727    -3.03869
-24.8546  -21.2793    -3.03916
-24.9003  -21.2855    -3.04019
-24.9516  -21.2948    -3.04163
-25  -21.3031    -3.03995
-25.0498  -21.3123    -3.03778
-25.1066  -21.3216    -3.03465
-25.1562  -21.3287    -3.03414
-25.2029  -21.3369    -3.03125
-25.2562  -21.3423    -3.03487
-25.3028  -21.3483    -3.03585
-25.3489  -21.3617    -3.03255
-25.4009  -21.371    -3.03149
-25.4476  -21.3819    -3.02876
-25.4988  -21.391    -3.02755
-25.5504  -21.4054    -3.02976
-25.6015  -21.4145    -3.02969
-25.6509  -21.4266    -3.02602
-25.701  -21.4385    -3.02657
-25.7518  -21.4495    -3.02576
-25.8003  -21.4648    -3.02527
-25.8516  -21.4728    -3.02407
-25.8906  -21.4801    -3.02207
-25.9033  -21.482    -3.02179
-25.9017  -21.4869    -3.01619
-25.9074  -21.4888    -3.0197
-25.9164  -21.4911    -3.01795
-25.9187  -21.4925    -3.01549
-25.9175  -21.4969    -3.01875
-25.9204  -21.4978    -3.01903
-25.9229  -21.4999    -3.01806
-25.9232  -21.5024    -3.02087
-25.9237  -21.504    -3.02027
-25.9231  -21.5086    -3.02061
-25.9221  -21.5108    -3.02055
-25.9217  -21.5118    -3.02215
-25.9188  -21.5149    -3.02296
-25.9198  -21.5187    -3.02096
-25.9175  -21.5211    -3.02183
-25.9154  -21.522    -3.02324
-25.9209  -21.5276    -3.01855
-25.9205  -21.5311    -3.01773
-10010 -10010 -10010
-25.9196  -21.5316    -3.01923
-25.9232  -21.5327    -3.0199
-25.9199  -21.5334    -3.02069
-25.9168  -21.5341    -3.03447
-25.9099  -21.5323    3.13646
-25.9043  -21.5312    3.03872
-25.9006  -21.532    2.94
-25.895  -21.5287    2.83049
-25.8963  -21.5294    2.73761
-25.8933  -21.5294    2.63305
-25.885  -21.5308    2.53124
-25.8808  -21.5301    2.43706
-25.8762  -21.5282    2.34221
-25.8756  -21.5286    2.24454
-25.8798  -21.5331    2.15193
-25.8765  -21.5382    2.04607
-25.8728  -21.5463    1.94428
-25.8727  -21.5488    1.84368
-25.8741  -21.5517    1.78738
-25.8777  -21.5486    1.83197
-25.8788  -21.5521    1.86658
-25.8783  -21.5471    1.85618
-25.8809  -21.5476    1.84661
-25.8845  -21.5478    1.84314
-25.8876  -21.5524    1.83899
-25.8827  -21.5506    1.83634
-25.886  -21.5498    1.82839
-25.8975  -21.5524    1.81495
-25.8981  -21.5537    1.81302
-25.9067  -21.5562    1.81097
-25.9124  -21.5583    1.81092
-25.9184  -21.5613    1.7911
-25.9326  -21.5702    1.70803
-25.9328  -21.567    1.65746
-25.9367  -21.5717    1.60178
-25.9445  -21.5698    1.5892
-25.953  -21.5686    1.61609
-25.958  -21.5688    1.61473
-25.9655  -21.5674    1.60788
-25.968  -21.5678    1.60399
-25.9689  -21.5667    1.58973
-25.9774  -21.5697    1.58145
-25.9831  -21.5728    1.57946
-25.9848  -21.5733    1.57899
-25.9879  -21.577    1.57958
-25.9853  -21.5747    1.57894
-25.9831  -21.5796    1.57883
-25.9825  -21.5797    1.57907
-25.9856  -21.5852    1.5789
-25.9813  -21.5799    1.57665
-25.9869  -21.5706    1.57156
-25.9855  -21.5502    1.56856
-25.9812  -21.5094    1.56557
-25.9825  -21.4601    1.56201
-25.9923  -21.4186    1.55921
-25.9944  -21.3727    1.5556
-26.0028  -21.3235    1.55325
-26.0031  -21.2775    1.54949
-26.0085  -21.2306    1.54726
-26.0109  -21.1806    1.54614
-26.014  -21.1348    1.54478
-26.0083  -21.0885    1.54516
-26.0044  -21.0396    1.54671
-26.0051  -20.9915    1.55831
-26.0076  -20.9489    1.56788
-26.0091  -20.9003    1.57394
-26.0134  -20.8501    1.57476
-26.0087  -20.7988    1.5769
-26.0119  -20.7528    1.57834
-26.0155  -20.7009    1.57898
-26.0107  -20.6457    1.58206
-26.0095  -20.5963    1.59401
-26.014  -20.5428    1.60455
-26.0194  -20.4918    1.60939
-26.0218  -20.4381    1.61182
-26.0265  -20.3897    1.61004
-26.0294  -20.3396    1.61144
-26.0321  -20.2917    1.60973
-26.035  -20.2442    1.61058
-26.0385  -20.1927    1.61067
-26.0419  -20.1437    1.6133
-26.0468  -20.0941    1.61371
-26.0478  -20.0417    1.61617
-26.0518  -19.9913    1.61423
-26.0571  -19.9421    1.61573
-26.0615  -19.8918    1.61754
-26.0631  -19.843    1.61603
-26.0678  -19.7933    1.61623
-26.0758  -19.7424    1.61845
-26.081  -19.6933    1.62047
-26.0833  -19.6437    1.62236
-26.0896  -19.594    1.62495
-26.0948  -19.542    1.62417
-26.1002  -19.4907    1.62301
-26.1055  -19.4372    1.62538
-26.1095  -19.3865    1.62576
-26.1168  -19.3354    1.62681
-26.1233  -19.2833    1.62538
-26.1257  -19.2333    1.62629
-26.127  -19.1864    1.62533
-26.1303  -19.1369    1.62802
-26.1324  -19.0851    1.62783
-26.1356  -19.0327    1.63012
-26.1407  -18.9816    1.62919
-26.1469  -18.9308    1.62848
-26.1515  -18.884    1.62958
-26.1548  -18.8348    1.63116
-26.1595  -18.7844    1.63134
-26.1609  -18.7352    1.63236
-26.1636  -18.6842    1.63235
-26.1676  -18.6332    1.63209
-26.1728  -18.5846    1.63343
-26.1771  -18.5331    1.63494
-26.179  -18.4844    1.63509
-26.1822  -18.4339    1.63502
-26.1869  -18.3842    1.63597
-26.1904  -18.3355    1.63405
-26.1962  -18.2874    1.63429
-26.203  -18.2378    1.63651
-26.2085  -18.1885    1.63556
-26.2155  -18.1373    1.63687
-26.2199  -18.0881    1.63677
-26.2249  -18.0407    1.63703
-26.2286  -17.9886    1.63887
-26.2365  -17.9378    1.63855
-26.2421  -17.8887    1.63806
-26.2477  -17.8389    1.63898
-26.2545  -17.7867    1.64107
-26.2582  -17.7385    1.63986
-26.2617  -17.6882    1.63894
-26.2636  -17.6382    1.63923
-26.2726  -17.5872    1.64357
-26.2757  -17.5367    1.64297
-26.2771  -17.486    1.64177
-26.2834  -17.4332    1.64459
-26.2869  -17.3838    1.64294
-26.292  -17.3317    1.64432
-26.297  -17.2828    1.64404
-26.3048  -17.2308    1.64086
-26.3143  -17.1817    1.64151
-26.3201  -17.1303    1.64025
-26.3288  -17.0767    1.64159
-26.3336  -17.0272    1.64198
-26.3375  -16.9751    1.6418
-26.3448  -16.9253    1.64402
-26.3505  -16.8708    1.64417
-26.357  -16.8194    1.64482
-26.3649  -16.768    1.64537
-26.3687  -16.7181    1.64677
-26.3753  -16.6689    1.64756
-26.3802  -16.6184    1.64675
-26.3834  -16.5674    1.65306
-26.3903  -16.5184    1.65193
-26.3925  -16.4692    1.65059
-26.3964  -16.42    1.64862
-26.4017  -16.3718    1.64873
-26.407  -16.3216    1.64937
-26.4154  -16.2725    1.65138
-26.4237  -16.2226    1.6525
-26.4297  -16.1728    1.65183
-26.4366  -16.1214    1.65216
-26.4429  -16.071    1.65445
-26.4494  -16.0204    1.65311
-26.4562  -15.9695    1.65809
-26.4614  -15.9188    1.65455
-26.4641  -15.8674    1.65181
-26.4704  -15.8198    1.64774
-26.4744  -15.7672    1.64905
-26.4817  -15.7147    1.65296
-26.4922  -15.6672    1.65206
-26.5005  -15.6193    1.65131
-26.5075  -15.5704    1.65139
-26.5134  -15.5211    1.65178
-26.5193  -15.4716    1.65302
-26.5238  -15.4223    1.65293
-26.5287  -15.3731    1.65268
-26.5344  -15.3252    1.65027
-26.5425  -15.2737    1.64989
-26.547  -15.2198    1.64434
-26.5555  -15.1704    1.64069
-26.5599  -15.1185    1.63959
-26.5672  -15.0702    1.63856
-26.5773  -15.0251    1.63117
-26.5831  -14.9765    1.63767
-26.5918  -14.9273    1.62917
-26.5995  -14.8792    1.62773
-26.6079  -14.8277    1.6289
-26.6242  -14.78    1.62646
-26.6285  -14.7286    1.62271
-26.6348  -14.6776    1.62133
-26.6407  -14.627    1.61556
-26.6497  -14.5781    1.61481
-26.6573  -14.5244    1.61293
-26.6639  -14.472    1.60943
-26.6659  -14.4251    1.60868
-26.6724  -14.3745    1.6014
-26.6807  -14.3282    1.59434
-26.6852  -14.2796    1.5915
-26.6954  -14.2294    1.59405
-26.7026  -14.1808    1.59082
-26.706  -14.1291    1.58355
-26.7077  -14.0802    1.58002
-26.7104  -14.0303    1.58337
-26.7109  -13.978    1.58202
-26.7119  -13.9255    1.57701
-26.7124  -13.8786    1.57733
-26.7124  -13.8264    1.57129
-26.7181  -13.7734    1.56904
-26.7148  -13.7244    1.5686
-26.7198  -13.6774    1.57239
-26.7208  -13.6262    1.57108
-26.7241  -13.5744    1.56772
-26.7285  -13.5238    1.56523
-26.7271  -13.4705    1.56531
-26.7257  -13.4189    1.5639
-26.7198  -13.3663    1.55825
-26.7226  -13.3142    1.55875
-26.7199  -13.2628    1.56217
-26.7204  -13.2099    1.56183
-26.7197  -13.1628    1.56219
-26.7195  -13.1136    1.55854
-26.7185  -13.0639    1.55515
-26.7142  -13.0156    1.55805
-26.7127  -12.9668    1.56073
-26.7176  -12.9176    1.55734
-26.7119  -12.8692    1.55099
-26.7103  -12.8178    1.54801
-26.7086  -12.7655    1.55017
-26.706  -12.7174    1.54522
-26.7024  -12.668    1.55199
-26.6991  -12.6199    1.55178
-26.6999  -12.5686    1.54915
-26.6961  -12.5182    1.54491
-26.6941  -12.4676    1.54087
-26.6938  -12.4164    1.53982
-26.6901  -12.3642    1.54619
-26.6907  -12.3124    1.55423
-26.6882  -12.2618    1.56884
-26.6842  -12.2103    1.57111
-26.6826  -12.1557    1.58028
-26.6834  -12.1071    1.5941
-26.684  -12.0558    1.59169
-26.6834  -12.0042    1.59476
-26.6841  -11.9542    1.59911
-26.6825  -11.9027    1.60462
-26.6842  -11.8531    1.59554
-26.6842  -11.8035    1.59653
-26.683  -11.7528    1.60316
-26.6824  -11.7015    1.6048
-26.6814  -11.6526    1.60342
-26.6849  -11.6014    1.60669
-26.683  -11.5512    1.60334
-26.6844  -11.5025    1.60788
-26.6848  -11.4509    1.60418
-26.6852  -11.4017    1.60684
-26.6897  -11.3484    1.60556
-26.6939  -11.2991    1.60259
-26.6972  -11.2452    1.60883
-26.7012  -11.1945    1.6072
-26.7035  -11.1414    1.61124
-26.7062  -11.0886    1.62154
-26.7091  -11.0382    1.61976
-26.7092  -10.9857    1.61625
-26.7104  -10.9388    1.61475
-26.7132  -10.8872    1.61805
-26.7172  -10.8368    1.6271
-26.7187  -10.7867    1.62204
-26.7202  -10.737    1.61939
-26.723  -10.6876    1.61964
-26.7244  -10.6371    1.62235
-26.7272  -10.5904    1.62649
-26.7285  -10.5407    1.6264
-26.7288  -10.4918    1.62551
-26.7311  -10.4393    1.61623
-26.7355  -10.3878    1.62562
-26.738  -10.338    1.62302
-26.7412  -10.2873    1.62503
-26.7458  -10.2418    1.61954
-26.7469  -10.1906    1.61968
-26.7499  -10.1391    1.61996
-26.7536  -10.0881    1.62837
-26.7561  -10.0381    1.63222
-26.762  -9.98275    1.63891
-26.7674  -9.93195    1.63489
-26.7717  -9.88471    1.63321
-26.7743  -9.83492    1.63586
-26.7788  -9.77942    1.62895
-26.7848  -9.72715    1.63053
-26.7883  -9.67957    1.63563
-26.7934  -9.63001    1.63055
-26.7977  -9.58225    1.63737
-26.801  -9.52975    1.65056
-26.8065  -9.48198    1.65013
-26.8141  -9.4317    1.65634
-26.8194  -9.38337    1.65564
-26.8196  -9.33282    1.65002
-26.8257  -9.28243    1.65399
-26.8294  -9.2311    1.65277
-26.8359  -9.17932    1.66131
-26.8399  -9.13041    1.65399
-26.8457  -9.07954    1.66704
-26.8503  -9.03013    1.66792
-26.855  -8.97994    1.67128
-26.8581  -8.92966    1.65733
-26.8621  -8.87738    1.6544
-26.8672  -8.82835    1.65668
-26.8711  -8.77841    1.65693
-26.8767  -8.72951    1.65918
-26.8787  -8.6791    1.65313
-26.8815  -8.62786    1.65584
-26.8856  -8.57568    1.64896
-26.8889  -8.52784    1.6528
-26.8899  -8.47968    1.65312
-26.8915  -8.43101    1.65985
-26.8955  -8.37956    1.6611
-26.9004  -8.32799    1.66302
-26.9043  -8.27726    1.65892
-26.9081  -8.22629    1.6621
-26.9125  -8.17737    1.65734
-26.9185  -8.13041    1.65542
-26.9234  -8.08131    1.65792
-26.9275  -8.03322    1.66148
-26.9284  -7.98145    1.66353
-26.9333  -7.9323    1.67196
-26.9365  -7.88407    1.67446
-26.9383  -7.83424    1.67722
-26.9418  -7.78288    1.66889
-26.9481  -7.73029    1.6723
-26.9567  -7.68207    1.66571
-26.9623  -7.63444    1.66854
-26.9653  -7.58237    1.66809
-26.9701  -7.53251    1.6555
-26.9753  -7.48627    1.66333
-26.9805  -7.43743    1.66612
-26.9815  -7.38786    1.6586
-26.9855  -7.33893    1.6604
-26.9901  -7.28862    1.65502
-26.9961  -7.23868    1.65266
-27.0019  -7.19295    1.65457
-27.0066  -7.14442    1.65806
-27.0056  -7.09266    1.65831
-27.0076  -7.03983    1.65434
-27.0169  -6.98865    1.66087
-27.0108  -6.94399    1.65395
-27.0184  -6.89486    1.65505
-27.0232  -6.84791    1.65254
-27.0304  -6.7934    1.6581
-27.0356  -6.74767    1.65476
-27.0348  -6.69426    1.65477
-27.0411  -6.6418    1.65019
-27.0484  -6.59605    1.65624
-27.0516  -6.54847    1.65482
-27.0584  -6.5052    1.667
-27.0553  -6.46114    1.68257
-27.0619  -6.41296    1.69065
-27.0727  -6.3662    1.69755
-27.0822  -6.31737    1.70659
-27.0862  -6.26463    1.70777
-27.0985  -6.21522    1.69359
-27.1057  -6.16236    1.70492
-27.1142  -6.11532    1.6888
-27.1204  -6.06631    1.68041
-27.1259  -6.0191    1.69704
-27.131  -5.97027    1.70402
-27.1358  -5.92011    1.68701
-27.1396  -5.87004    1.67357
-27.1464  -5.82121    1.67107
-27.1539  -5.77471    1.6708
-27.16  -5.72765    1.66765
-27.1623  -5.6778    1.67254
-27.1678  -5.63056    1.6727
-27.1732  -5.58107    1.66852
-27.1784  -5.53088    1.66888
-27.1841  -5.47965    1.67547
-27.1897  -5.43255    1.67766
-27.1994  -5.3832    1.6783
-27.2023  -5.33229    1.67748
-27.2029  -5.28665    1.68021
-27.2093  -5.23879    1.67954
-27.2131  -5.18981    1.68049
-27.221  -5.14246    1.68486
-27.2293  -5.09429    1.6834
-27.2418  -5.05194    1.68142
-27.2566  -5.00561    1.68062
-27.2732  -4.96147    1.67736
-27.2881  -4.91835    1.67905
-27.3067  -4.87762    1.67442
-27.3042  -4.83089    1.67159
-27.3081  -4.77585    1.66527
-27.3196  -4.72556    1.66024
-27.3316  -4.67444    1.6553
-27.3337  -4.62583    1.65248
-27.3409  -4.57972    1.64754
-27.3536  -4.53336    1.64252
-27.3608  -4.4837    1.63777
-27.3715  -4.43265    1.63328
-27.3751  -4.38256    1.62706
-27.3729  -4.33281    1.621
-27.3813  -4.28376    1.61551
-27.3818  -4.23517    1.60869
-27.3881  -4.18896    1.60209
-27.3947  -4.14305    1.58994
-27.3978  -4.10158    1.57606
-27.4045  -4.05647    1.55592
-27.4067  -4.01237    1.53081
-27.408  -3.96318    1.50524
-27.4111  -3.92112    1.47028
-27.4121  -3.8764    1.42819
-27.4012  -3.8358    1.38056
-27.3889  -3.79587    1.32577
-27.3825  -3.75253    1.25696
-27.3628  -3.71395    1.16206
-27.3431  -3.66838    1.06267
-27.3125  -3.62197    0.961277
-27.2777  -3.56759    0.864084
-27.2522  -3.52071    0.770967
-27.2118  -3.48137    0.666005
-27.1813  -3.4464    0.564587
-27.1538  -3.42482    0.46234
-27.1215  -3.38675    0.358234
-27.0796  -3.36536    0.254962
-27.0337  -3.33942    0.162767
-27.0005  -3.33986    0.0895508
-26.9553  -3.33878    0.038751
-26.8992  -3.33428    0.014956
-26.8492  -3.33774    0.00520209
-26.7936  -3.33918    0.01687
-26.7419  -3.33473    0.0418454
-26.6914  -3.3301    0.0526353
-26.6393  -3.32527    0.0516406
-26.5778  -3.32026    0.0514631
-26.5299  -3.31895    0.0517626
-26.4749  -3.31371    0.0559968
-26.4188  -3.30608    0.0697791
-26.3681  -3.30149    0.0814556
-26.3158  -3.29715    0.0832099
-26.2687  -3.29092    0.081301
-26.2254  -3.28697    0.0752111
-26.181  -3.28511    0.0715078
-26.1285  -3.28375    0.0681315
-26.084  -3.28021    0.0650418
-26.0354  -3.27583    0.0633495
-25.9874  -3.27179    0.063122
-25.9274  -3.26924    0.0605454
-25.8668  -3.26573    0.060611
-25.805  -3.2642    0.0599578
-25.7461  -3.25526    0.0614206
-25.6952  -3.2494    0.0615369
-25.6418  -3.24239    0.0610571
-25.5911  -3.2351    0.0627601
-25.5361  -3.22989    0.0620002
-25.4835  -3.22165    0.0650667
-25.4319  -3.21652    0.064545
-25.3783  -3.2135    0.0645246
-25.3307  -3.20806    0.0659016
-25.2832  -3.19839    0.0666543
-25.2318  -3.19286    0.0674588
-25.1798  -3.18779    0.0688481
-25.1278  -3.18475    0.0694607
-25.0809  -3.18061    0.0683142
-25.0285  -3.17532    0.06933
-24.9778  -3.17079    0.0699587
-24.9273  -3.165    0.0715483
-24.8794  -3.15963    0.0710553
-24.8293  -3.15491    0.0725301
-24.7791  -3.1514    0.0719516
-24.7272  -3.14527    0.0727053
-24.6759  -3.13823    0.0715443
-24.623  -3.13053    0.0731774
-24.5785  -3.12239    0.0749554
-24.5255  -3.12191    0.0750532
-24.4764  -3.11319    0.0763722
-24.4317  -3.112    0.0714316
-24.3865  -3.10651    0.0581663
-24.3388  -3.10179    0.0407794
-24.2846  -3.09857    0.0261236
-24.2266  -3.09191    0.0212999
-24.175  -3.09041    0.0172931
-24.1216  -3.0889    0.0123973
-24.0712  -3.09003    0.0075079
-24.0147  -3.08963    0.00444049
-23.9665  -3.088    0.00120905
-23.9205  -3.08466    0.000843521
-23.8729  -3.08418    -0.00142736
-23.8269  -3.08529    -0.00478887
-23.7716  -3.08356    -0.00529487
-23.7256  -3.08246    -0.00695349
-23.6749  -3.08051    -0.00786288
-23.6286  -3.08158    -0.00910157
-23.5763  -3.08083    -0.00162815
-23.5258  -3.08217    0.00065584
-23.4827  -3.08217    0.0011471
-23.4338  -3.08298    0.00252697
-23.385  -3.08399    0.00555226
-23.3333  -3.08348    0.00704468
-23.2827  -3.08065    0.0049691
-23.2315  -3.07948    0.0064825
-23.1804  -3.07635    0.00859445
-23.136  -3.07827    0.0066356
-23.0846  -3.07496    0.00691452
-23.0352  -3.07644    0.00813377
-22.9882  -3.07642    0.00833054
-22.933  -3.07306    0.00918447
-22.8782  -3.07023    0.01008
-22.8261  -3.06889    0.010246
-22.7755  -3.06759    0.0093837
-22.7227  -3.06476    0.0109933
-22.6752  -3.06366    0.0115202
-22.6184  -3.05955    0.0130262
-22.5694  -3.05986    0.0124907
-22.5133  -3.05709    0.0130774
-22.4628  -3.05645    0.0120382
-22.4161  -3.05574    0.0111232
-22.3681  -3.05212    0.0130684
-22.3106  -3.04925    0.0146532
-22.2593  -3.04401    0.0149612
-22.2068  -3.04377    0.0133689
-22.1676  -3.04224    0.0159285
-22.1136  -3.03676    0.0251336
-22.0617  -3.03412    0.0331763
-22.0234  -3.03843    0.0341804
-21.9739  -3.0326    0.0378555
-21.9258  -3.03224    0.0378879
-21.8746  -3.02574    0.0419024
-21.8209  -3.0181    0.041935
-21.7795  -3.01518    0.041104
-21.7272  -3.01079    0.0409358
-21.6775  -3.00882    0.0405254
-21.6341  -3.00617    0.0430214
-21.5817  -3.00337    0.0446868
-21.533  -3.00066    0.0445769
-21.4796  -2.99382    0.0462864
-21.4298  -2.99372    0.0443991
-21.3845  -2.99406    0.0452861
-21.3302  -2.98869    0.0447866
-21.2838  -2.98552    0.0445266
-21.2372  -2.98068    0.0469416
-21.192  -2.97581    0.0460426
-21.1451  -2.97139    0.0476774
-21.0936  -2.9632    0.0498438
-21.0389  -2.95725    0.0499944
-20.9908  -2.95224    0.0512344
-20.945  -2.94779    0.0516041
-20.893  -2.94454    0.0508593
-20.839  -2.93992    0.0516857
-20.7799  -2.93341    0.0520454
-20.7356  -2.92752    0.0532958
-20.6875  -2.92291    0.0528157
-20.6366  -2.91799    0.0543222
-20.5845  -2.91259    0.053271
-20.5398  -2.90807    0.0525933
-20.4927  -2.90415    0.0532012
-20.4384  -2.89911    0.0542624
-20.3909  -2.89484    0.0556047
-20.3402  -2.88879    0.0561142
-20.2878  -2.88463    0.0568098
-20.2324  -2.87803    0.0567056
-20.1857  -2.87584    0.057443
-20.14  -2.87019    0.0580653
-20.0924  -2.86498    0.0587115
-20.0383  -2.86227    0.0596491
-19.9919  -2.85962    0.0602349
-19.9426  -2.85503    0.0604429
-19.8908  -2.84853    0.0609809
-19.8373  -2.84335    0.0620137
-19.7873  -2.84259    0.0635841
-19.7362  -2.83688    0.0635584
-19.6843  -2.83219    0.0630463
-19.6339  -2.83052    0.0623054
-19.587  -2.82222    0.0639565
-19.5396  -2.81726    0.0629195
-19.491  -2.81813    0.0625923
-19.4462  -2.81268    0.0657589
-19.3949  -2.80614    0.0670106
-19.3405  -2.80054    0.0659913
-19.2919  -2.79819    0.0664967
-19.2352  -2.79509    0.068438
-19.188  -2.78798    0.0683812
-19.1381  -2.78285    0.0688307
-19.0949  -2.77992    0.0710789
-19.043  -2.778    0.0754502
-18.9798  -2.7708    0.0899144
-18.9209  -2.76289    0.114178
-18.8678  -2.75605    0.143721
-18.8178  -2.7478    0.165125
-18.7777  -2.74237    0.175948
-18.7318  -2.73017    0.182474
-18.6929  -2.72145    0.187558
-18.6461  -2.70767    0.191785
-18.5932  -2.69629    0.192806
-18.5505  -2.68858    0.194129
-18.5075  -2.67948    0.194871
-18.4512  -2.667    0.194211
-18.4006  -2.65737    0.196306
-18.3518  -2.64828    0.195547
-18.2937  -2.63477    0.197156
-18.2456  -2.6248    0.19652
-18.2006  -2.6131    0.197183
-18.1513  -2.60749    0.199412
-18.0993  -2.59238    0.199459
-18.0572  -2.58142    0.200022
-18.0059  -2.56799    0.201065
-17.9583  -2.55779    0.202805
-17.9139  -2.54994    0.204237
-17.8649  -2.53627    0.204582
-17.8227  -2.5276    0.203128
-17.7713  -2.51868    0.203983
-17.7237  -2.50986    0.205279
-17.6723  -2.49559    0.207318
-17.6291  -2.47697    0.206788
-17.5762  -2.46307    0.207608
-17.5231  -2.45298    0.207989
-17.4703  -2.44179    0.208118
-17.417  -2.4298    0.20766
-17.3702  -2.41859    0.208015
-17.3218  -2.40684    0.208841
-17.2726  -2.39199    0.210054
-17.2268  -2.37995    0.20947
-17.1791  -2.37128    0.21104
-17.1316  -2.3588    0.211752
-17.0826  -2.34979    0.211112
-17.0325  -2.33843    0.211355
-16.9846  -2.33423    0.212066
-16.934  -2.32217    0.21201
-16.8836  -2.31201    0.212261
-16.836  -2.29795    0.213965
-16.7823  -2.28647    0.216025
-16.7388  -2.27914    0.215661
-16.6905  -2.26798    0.21545
-16.6408  -2.26099    0.214946
-16.5941  -2.24693    0.217212
-16.552  -2.23788    0.216891
-16.5022  -2.22513    0.218206
-16.4572  -2.2156    0.216637
-16.4027  -2.20515    0.219039
-16.3528  -2.18832    0.219269
-16.3061  -2.17551    0.218165
-16.2556  -2.16285    0.220329
-16.2108  -2.15378    0.219443
-16.1586  -2.13922    0.218839
-16.1107  -2.1265    0.219613
-16.0659  -2.11277    0.219526
-16.0239  -2.10076    0.219496
-15.9722  -2.08348    0.222134
-15.9213  -2.06998    0.222955
-15.8699  -2.05591    0.223081
-15.8115  -2.04316    0.222704
-15.7598  -2.02731    0.223172
-15.7122  -2.01261    0.22354
-15.6691  -2.00104    0.222335
-15.6225  -1.99112    0.222027
-15.5739  -1.97319    0.222886
-15.5271  -1.96181    0.224132
-15.4819  -1.94539    0.224439
-15.4294  -1.93253    0.22373
-15.3776  -1.91991    0.225135
-15.3342  -1.90824    0.224644
-15.2861  -1.89504    0.226176
-15.2406  -1.8874    0.225527
-15.1884  -1.87178    0.225545
-15.1416  -1.85986    0.22584
-15.0917  -1.84406    0.225914
-15.0478  -1.83156    0.225959
-15.0061  -1.82325    0.227104
-14.9533  -1.81217    0.227125
-14.9069  -1.80366    0.228362
-14.8563  -1.79202    0.228246
-14.8043  -1.77796    0.228556
-14.7562  -1.76687    0.229144
-14.71  -1.75533    0.230038
-14.6677  -1.74772    0.231054
-14.6112  -1.73209    0.23075
-14.5575  -1.715    0.232644
-14.5081  -1.70136    0.232542
-14.4631  -1.69079    0.232095
-14.4126  -1.67725    0.232308
-14.3564  -1.66468    0.233708
-14.3032  -1.65618    0.232319
-14.2582  -1.64661    0.233202
-14.2108  -1.62854    0.233301
-14.1579  -1.6133    0.233359
-14.1172  -1.60023    0.234095
-14.067  -1.58953    0.234388
-14.0176  -1.57736    0.236059
-13.9733  -1.56591    0.23533
-13.9265  -1.55234    0.235667
-13.8743  -1.53837    0.235177
-13.8312  -1.52989    0.236103
-13.7816  -1.51434    0.236784
-13.7392  -1.49599    0.235549
-13.6889  -1.48364    0.236068
-13.6398  -1.47324    0.23356
-13.5957  -1.46341    0.228611
-13.5481  -1.45206    0.222157
-13.4949  -1.44348    0.216004
-13.4415  -1.42918    0.210378
-13.393  -1.41797    0.207172
-13.3436  -1.40593    0.202154
-13.294  -1.39116    0.19931
-13.2434  -1.38045    0.196631
-13.1983  -1.37108    0.191402
-13.1471  -1.36063    0.189079
-13.1055  -1.35279    0.179701
-13.061  -1.33897    0.169531
-13.0101  -1.32895    0.160307
-12.9627  -1.3201    0.148021
-12.9037  -1.30138    0.139467
-12.8576  -1.29139    0.137272
-12.8109  -1.28365    0.133561
-12.7594  -1.27812    0.132462
-12.7115  -1.27067    0.129354
-12.6613  -1.26384    0.12703
-12.6059  -1.25519    0.125459
-12.5584  -1.24859    0.123056
-12.5141  -1.24567    0.114313
-12.4777  -1.24469    0.101442
-12.4271  -1.24001    0.0881845
-12.3676  -1.23379    0.081853
-12.3185  -1.22632    0.0789423
-12.2681  -1.22093    0.0729768
-12.2197  -1.2134    0.0695923
-12.1706  -1.20727    0.0678638
-12.1177  -1.20378    0.0671227
-12.07  -1.19858    0.0645407
-12.0207  -1.19551    0.062476
-11.9677  -1.19004    0.0607267
-11.9176  -1.1846    0.0585686
-11.8637  -1.17744    0.0568349
-11.8145  -1.1699    0.0572509
-11.7637  -1.16544    0.0546594
-11.7096  -1.16165    0.0541535
-11.6641  -1.1577    0.0519112
-11.6121  -1.15182    0.0509306
-11.5537  -1.14766    0.0506931
-11.5052  -1.14572    0.0480407
-11.4583  -1.14234    0.0461039
-11.4085  -1.14166    0.0449493
-11.365  -1.13918    0.0430616
-11.3126  -1.13873    0.0429681
-11.2666  -1.13812    0.0410406
-11.2123  -1.13745    0.0399141
-11.1668  -1.13622    0.0378069
-11.1195  -1.13339    0.034693
-11.0711  -1.12921    0.0328346
-11.0155  -1.12565    0.0304355
-10.9634  -1.12278    0.028948
-10.9085  -1.11809    0.0270295
-10.859  -1.11549    0.0266116
-10.8097  -1.11535    0.0236926
-10.7671  -1.11479    0.0216343
-10.7141  -1.11232    0.0203789
-10.6591  -1.1111    0.0191121
-10.6061  -1.10822    0.0181874
-10.552  -1.10838    0.0294545
-10.5077  -1.10854    0.0427759
-10.4649  -1.10726    0.0477336
-10.414  -1.1056    0.0498005
-10.3653  -1.10111    0.053427
-10.3199  -1.09282    0.0544374
-10.2647  -1.09125    0.0570408
-10.2124  -1.0843    0.0581364
-10.1701  -1.08402    0.0580662
-10.1163  -1.07847    0.0592577
-10.0677  -1.07333    0.0595648
-10.0129  -1.0663    0.0595776
-9.9652  -1.05823    0.0606489
-9.91561  -1.05541    0.0618504
-9.86695  -1.04816    0.063687
-9.81167  -1.04135    0.0629536
-9.76957  -1.03517    0.0624315
-9.7279  -1.03496    0.0634994
-9.67663  -1.03148    0.0648867
-9.62328  -1.0249    0.0637819
-9.5676  -1.02221    0.0649986
-9.5151  -1.0194    0.0666195
-9.46271  -1.01496    0.0670002
-9.41428  -1.00745    0.0674033
-9.36341  -1.00217    0.0682367
-9.31614  -0.995485    0.0679593
-9.27217  -0.995549    0.068979
-9.21714  -0.989932    0.0709081
-9.17044  -0.987408    0.071257
-9.12177  -0.983017    0.0700845
-9.07498  -0.980959    0.0701323
-9.02242  -0.971204    0.0705877
-8.97434  -0.969858    0.070958
-8.91585  -0.963879    0.0729525
-8.86874  -0.959263    0.0743453
-8.82252  -0.95455    0.0759565
-8.77592  -0.949564    0.0752191
-8.72919  -0.938987    0.0781943
-8.67663  -0.931057    0.0777388
-8.62662  -0.926337    0.0770938
-8.57733  -0.923104    0.0766963
-8.52825  -0.918569    0.0774401
-8.47555  -0.91683    0.0771941
-8.4255  -0.909335    0.0790919
-8.37035  -0.901246    0.080827
-8.31574  -0.892994    0.0807405
-8.26814  -0.888    0.0817301
-8.22246  -0.881236    0.0815709
-8.17437  -0.880338    0.081835
-8.11719  -0.877572    0.0827151
-8.06871  -0.874013    0.0828481
-8.01993  -0.869705    0.0818681
-7.96748  -0.86543    0.0835862
-7.91668  -0.860354    0.0852416
-7.86696  -0.856873    0.087063
-7.82008  -0.846713    0.0868831
-7.77332  -0.839997    0.0872193
-7.72112  -0.837205    0.0876031
-7.66818  -0.829684    0.0878396
-7.61882  -0.821459    0.0872544
-7.57912  -0.816422    0.0866368
-7.53361  -0.81383    0.0863258
-7.47997  -0.808494    0.0863631
-7.42441  -0.806725    0.0872676
-7.37669  -0.801409    0.0886731
-7.32694  -0.794985    0.0879242
-7.27159  -0.788128    0.0881457
-7.22334  -0.782113    0.0895959
-7.18343  -0.775037    0.0900993
-7.13514  -0.769718    0.0903677
-7.07809  -0.764335    0.0912915
-7.03467  -0.759784    0.0925834
-6.99196  -0.758149    0.0920255
-6.93798  -0.749344    0.0908435
-6.88202  -0.743939    0.0914
-6.83351  -0.740064    0.0926116
-6.78676  -0.73921    0.0936912
-6.74012  -0.733994    0.0934223
-6.68052  -0.727511    0.0944025
-6.63517  -0.722836    0.0943895
-6.58449  -0.717999    0.0975625
-6.53501  -0.712471    0.0971992
-6.48612  -0.707083    0.0958034
-6.43677  -0.698562    0.0954014
-6.3868  -0.691103    0.0938428
-6.34191  -0.688031    0.0901976
-6.2879  -0.675233    0.0871207
-6.24278  -0.671783    0.085185
-6.18434  -0.666554    0.0809638
-6.138  -0.660846    0.0798662
-6.08542  -0.65268    0.077722
-6.036  -0.644813    0.0735861
-5.98468  -0.638858    0.0729687
-5.93581  -0.633444    0.0739518
-5.88055  -0.62445    0.0714351
-5.83372  -0.619609    0.0725678
-5.78975  -0.6194    0.0697137
-5.74194  -0.615011    0.0660868
-5.69417  -0.609695    0.0628743
-5.63665  -0.60359    0.0604792
-5.58594  -0.60028    0.0584469
-5.53538  -0.592551    0.0559044
-5.48671  -0.586916    0.0557834
-5.43968  -0.581704    0.0531901
-5.39353  -0.581609    0.0519914
-5.34659  -0.580188    0.0496881
-5.29242  -0.576103    0.0469516
-5.24049  -0.572656    0.0463338
-5.19466  -0.564288    0.0469429
-5.14075  -0.559618    0.0428077
-5.09198  -0.554854    0.041508
-5.04122  -0.551741    0.0380761
-4.99394  -0.548498    0.0383157
-4.9428  -0.54439    0.0369658
-4.89754  -0.541512    0.0370912
-4.84474  -0.537263    0.0355304
-4.79822  -0.533366    0.032873
-4.74401  -0.534335    0.0328068
-4.69301  -0.535298    0.0303856
-4.63213  -0.534441    0.0293566
-4.58281  -0.530302    0.0293398
-4.52731  -0.526472    0.0279366
-4.47818  -0.523324    0.0260477
-4.42949  -0.521847    0.0273188
-4.38531  -0.522287    0.0246777
-4.33296  -0.517124    0.023325
-4.2856  -0.514253    0.0227785
-4.23778  -0.512729    0.0208498
-4.18744  -0.508403    0.0196717
-4.13669  -0.506091    0.0178787
-4.08497  -0.50024    0.0177004
-4.04059  -0.499299    0.0140337
-3.99327  -0.495982    0.0140206
-3.93932  -0.493172    0.0131505
-3.88693  -0.492534    0.0119876
-3.83479  -0.493566    0.00914692
-3.7842  -0.496964    0.00875741
-3.73292  -0.497823    0.0076904
-3.68177  -0.500807    0.00367076
-3.63264  -0.496359    0.0029823
-3.57704  -0.495308    0.00319553
-3.51673  -0.495164    0.0016777
-3.46775  -0.493524    0.00281116
-3.41827  -0.496487    0.000511712
-3.36485  -0.497901    -0.00123263
-3.31595  -0.499752    -0.00335716
-3.27229  -0.49751    -0.00428034
-3.21733  -0.502215    -0.00374267
-3.16654  -0.502374    0.00306144
-3.11854  -0.502261    0.00628328
-3.07172  -0.494562    0.00689197
-3.01918  -0.492847    0.0107978
-2.96311  -0.490864    0.0126245
-2.90928  -0.488532    0.014006
-2.86935  -0.491761    0.0145563
-2.81736  -0.49114    0.0156198
-2.76732  -0.48799    0.0165535
-2.7207  -0.485482    0.0195048
-2.66227  -0.482772    0.0304221
-2.6161  -0.479471    0.0433309
-2.57348  -0.47962    0.0456767
-2.52211  -0.477733    0.0478977
-2.46657  -0.473148    0.0506173
-2.41852  -0.471507    0.0540192
-2.37687  -0.468169    0.0545144
-2.32647  -0.463735    0.0495315
-2.2806  -0.457368    0.0396435
-2.22703  -0.456668    0.0281539
-2.18096  -0.461037    0.019774
-2.12674  -0.461669    0.0167335
-2.08162  -0.458354    0.0131055
-2.03601  -0.453631    0.00863638
-1.98556  -0.456258    0.00601121
-1.93199  -0.453338    0.00434723
-1.8807  -0.451539    0.00218274
-1.83204  -0.449235    0.00103318
-1.77828  -0.442361    -0.000771712
-1.72243  -0.441282    0.00314099
-1.6779  -0.438535    0.00932403
-1.63778  -0.432561    0.0112557
-1.58274  -0.430871    0.0118303
-1.52296  -0.427662    0.0151085
-1.47054  -0.427957    0.0160261
-1.42322  -0.422708    0.0160266
-1.37137  -0.422363    0.0207161
-1.32327  -0.421572    0.0305898
-1.28267  -0.417667    0.0338179
-1.2295  -0.41361    0.0361451
-1.18104  -0.409644    0.037746
-1.12567  -0.410168    0.0414756
-1.07555  -0.406427    0.0437444
-1.02233  -0.403602    0.044344
-0.973279  -0.399153    0.0432342
-0.92349  -0.392366    0.0437901
-0.868723  -0.38622    0.0461572
-0.816871  -0.378287    0.0485048
-0.769149  -0.372233    0.0484177
-0.721779  -0.364494    0.0488554
-0.676911  -0.356896    0.049219
-0.629321  -0.357149    0.049272
-0.574436  -0.35658    0.049735
-0.525403  -0.356704    0.0494056
-0.477229  -0.35717    0.0488618
-0.427741  -0.354354    0.0492013
-0.374188  -0.352949    0.0509839
-0.323122  -0.351772    0.0529493
-0.273443  -0.351355    0.0549981
-0.224548  -0.349333    0.0554482
-0.172869  -0.343593    0.0537328
-0.141101  -0.341973    0.0536817
-0.121056  -0.33914    0.0528774
-0.114797  -0.339509    0.0538704
-0.0987672  -0.334414    0.0556882
-0.088462  -0.331572    0.0548724
-0.0769345  -0.331401    0.0544539
-0.0742658  -0.329699    0.0531785
-0.0684487  -0.327624    0.0540325
-0.0685596  -0.327994    0.053071
-0.062178  -0.325808    0.0523413
-0.0672493  -0.326241    0.0528421
-10010 -10010 -10010