0.086736  -0.073113    0.0502593
0.0950061  -0.0819039    0.0505948
0.106705  -0.0898469    0.0510487
0.109335  -0.0981805    0.0502531
0.109393  -0.105859    0.0511237
0.116746  -0.112544    0.05004
0.117114  -0.1238    0.0503001
0.117153  -0.127544    0.0502812
0.11973  -0.131602    0.0495903
0.11804  -0.131809    0.049492
0.111793  -0.130913    0.0498722
0.113836  -0.13364    0.0509855
0.116729  -0.131791    0.0503735
0.109737  -0.134387    0.0507972
0.111604  -0.136434    0.0502445
0.111419  -0.136541    0.0505391
0.111507  -0.136634    0.0511067
0.110124  -0.132475    0.049665
0.116839  -0.135174    0.0486427
0.116365  -0.135081    0.0499974
0.113331  -0.130283    0.0498236
0.111566  -0.134974    0.0515932
0.109122  -0.138366    0.0520387
0.109267  -0.132603    0.0490435
0.112356  -0.129699    0.0497916
0.113862  -0.13302    0.0501506
0.111806  -0.132174    0.0488831
0.112395  -0.131779    0.0485242
0.112514  -0.133252    0.0507102
0.113534  -0.134745    0.0504011
0.110833  -0.130997    0.0503122
0.108534  -0.130872    0.0496039
0.114771  -0.130248    0.0502317
0.113785  -0.129418    0.0499112
0.107813  -0.130823    0.0495469
0.115571  -0.132546    0.0500531
0.115658  -0.130735    0.0496106
0.113006  -0.131087    0.0499638
0.116245  -0.131657    0.0492807
0.117695  -0.128222    0.0478741
0.114081  -0.127343    0.0480877
0.120948  -0.129682    0.0486263
0.120477  -0.132705    0.0483176
0.116928  -0.127081    0.0478087
0.115302  -0.129538    0.0494895
0.115141  -0.131245    0.050184
0.108966  -0.129867    0.0503378
0.106799  -0.129664    0.0504893
0.105651  -0.129231    0.0498656
0.111871  -0.132244    0.0501221
0.107147  -0.13321    0.0505352
0.109739  -0.130515    0.0500185
0.111646  -0.130015    0.0501413
0.11439  -0.131117    0.0491669
0.114201  -0.129924    0.0492449
0.11401  -0.128423    0.0496789
0.114594  -0.128581    0.0493576
0.108523  -0.125796    0.0488267
0.108969  -0.127632    0.0487001
0.114903  -0.128316    0.0494551
0.116216  -0.130727    0.0491807
0.109657  -0.129637    0.0488282
0.109696  -0.127616    0.0494832
0.107056  -0.128044    0.0501143
0.109514  -0.127922    0.0489201
0.110441  -0.131065    0.0493204
0.113597  -0.130948    0.0498187
0.114232  -0.133379    0.0491063
0.116512  -0.13325    0.0504268
0.119933  -0.136355    0.0512125
0.117958  -0.135733    0.0512343
0.118885  -0.135596    0.0509892
0.112482  -0.132211    0.0507064
0.114798  -0.131834    0.0513304
0.116159  -0.135543    0.0492649
0.112525  -0.131852    0.0492947
0.117111  -0.13331    0.0500336
0.11445  -0.133447    0.0511947
0.115168  -0.13643    0.0510321
0.112541  -0.13511    0.0512912
0.116534  -0.137484    0.0517552
0.121715  -0.139947    0.0509573
0.119519  -0.13891    0.0505672
0.116068  -0.136407    0.0506315
0.117787  -0.13576    0.0505279
0.118527  -0.141406    0.0510815
0.110263  -0.143371    0.0508377
0.108592  -0.139259    0.0500559
0.109993  -0.137412    0.0502079
0.109106  -0.138766    0.0503338
0.108382  -0.13363    0.0498739
0.109646  -0.133975    0.0501634
0.116258  -0.137839    0.0512895
0.116722  -0.13844    0.0509452
0.102895  -0.13144    0.048689
0.112219  -0.12881    0.0488787
0.109539  -0.130471    0.0507617
0.116793  -0.131041    0.0489724
0.106361  -0.131896    0.0488284
0.110694  -0.130503    0.0493014
0.109694  -0.132403    0.050396
0.108284  -0.135049    0.0495696
0.109732  -0.12843    0.0492246
0.11173  -0.130775    0.0492055
0.108862  -0.12484    0.0487138
0.106991  -0.126646    0.0476728
0.115376  -0.123792    0.0488115
0.116039  -0.131336    0.0506326
0.118179  -0.132194    0.0506126
0.11308  -0.131236    0.0498157
0.109766  -0.131208    0.0484971
0.10845  -0.127696    0.0503204
0.113405  -0.130513    0.0507615
0.113682  -0.128463    0.0504991
0.113023  -0.130498    0.0502325
0.112785  -0.130635    0.050959
0.115479  -0.129226    0.0499094
0.122277  -0.134736    0.0522781
0.118503  -0.137013    0.0510197
0.110677  -0.13163    0.049981
0.112903  -0.131772    0.050751
0.114085  -0.134407    0.0508117
0.114197  -0.133976    0.0497891
0.116138  -0.131047    0.0495656
0.115431  -0.129504    0.0493217
0.116291  -0.13143    0.0492312
0.121592  -0.133968    0.0499368
0.122515  -0.13538    0.0508819
0.123823  -0.137633    0.0520002
0.119171  -0.142833    0.0517599
0.118506  -0.141208    0.0512301
0.118472  -0.140831    0.0521873
0.111438  -0.138919    0.0506511
0.11896  -0.138893    0.04945
0.118974  -0.136735    0.0488465
0.114271  -0.136266    0.0488739
0.118136  -0.1387    0.0492147
0.120113  -0.135782    0.0503481
0.115482  -0.135126    0.0477189
0.106558  -0.129517    0.0476118
0.113761  -0.125007    0.0475943
0.10639  -0.124918    0.0483545
0.106676  -0.123947    0.0482438
0.10938  -0.12668    0.0504401
0.104551  -0.128915    0.0490036
0.114727  -0.127728    0.0486819
0.111304  -0.128251    0.0482654
0.110995  -0.124034    0.0485703
0.103658  -0.123063    0.047683
0.105959  -0.123535    0.0489279
0.114845  -0.129698    0.0508537
0.109367  -0.13229    0.0502489
0.12118  -0.133375    0.0489492
0.121867  -0.133929    0.0500632
0.118578  -0.137126    0.0498882
0.115891  -0.132054    0.0497563
0.11971  -0.132665    0.0499455
0.11629  -0.131914    0.049062
0.114228  -0.131932    0.0494987
0.114817  -0.129933    0.0493444
0.110989  -0.128826    0.0497331
0.114494  -0.125656    0.049158
0.112965  -0.131954    0.0497195
0.111304  -0.130429    0.0500659
0.120233  -0.133584    0.0504336
0.116347  -0.134723    0.0494457
0.116033  -0.134227    0.0500438
0.120934  -0.136798    0.0507467
0.114642  -0.133173    0.0508652
0.115224  -0.134734    0.05117
0.114836  -0.139205    0.0509424
0.122662  -0.140989    0.05081
0.129084  -0.143141    0.0498549
0.123172  -0.139743    0.0500091
0.124558  -0.140493    0.0497483
0.122244  -0.137397    0.0492518
0.122919  -0.135295    0.0496022
0.121972  -0.133193    0.0491962
0.112682  -0.132702    0.0496541
0.117981  -0.132512    0.0504244
0.119281  -0.141144    0.0509779
0.115078  -0.135866    0.0503469
0.119506  -0.140205    0.0501431
0.118521  -0.13992    0.0516508
0.12151  -0.139756    0.0506646
0.116086  -0.139575    0.0511804
0.122058  -0.141894    0.0497465
0.121826  -0.138893    0.0498181
0.120677  -0.140314    0.0510171
0.126399  -0.141811    0.0503919
0.11976  -0.139314    0.0500095
0.123409  -0.137068    0.0492361
0.108342  -0.137693    0.048554
0.11202  -0.132964    0.0495391
0.109712  -0.129356    0.0486694
0.108184  -0.125553    0.0498438
0.111566  -0.129163    0.0480711
0.114946  -0.129122    0.0501027
0.115627  -0.132878    0.0505118
0.111499  -0.128769    0.04961
0.11343  -0.130308    0.0491747
0.115687  -0.135941    0.0496994
0.108931  -0.132597    0.0499828
0.117443  -0.129357    0.0500021
0.113206  -0.131599    0.0506268
0.107823  -0.13214    0.0498018
0.107238  -0.131719    0.0506313
0.106209  -0.132767    0.0517586
0.107881  -0.132193    0.0509681
0.107371  -0.130083    0.0499704
0.110085  -0.128524    0.0506273
0.110755  -0.128639    0.0499171
0.112791  -0.129441    0.0514708
0.110928  -0.134253    0.051729
0.111905  -0.137591    0.0512837
0.107045  -0.131973    0.0505481
0.114593  -0.131338    0.0509997
0.117779  -0.132488    0.0496374
0.116156  -0.134698    0.0497491
0.117997  -0.139492    0.0499189
0.121514  -0.133598    0.0499091
0.12228  -0.135509    0.0499993
0.119753  -0.141015    0.0510113
0.121539  -0.142603    0.0507976
0.116415  -0.140433    0.0508856
0.11486  -0.141159    0.0512669
0.117722  -0.140866    0.0508545
0.118616  -0.138057    0.0495865
0.118603  -0.131838    0.0486977
0.11648  -0.130758    0.0492868
0.105055  -0.125689    0.0481744
0.114828  -0.127167    0.0494256
0.118594  -0.131911    0.0508376
0.111016  -0.134661    0.0493771
0.110095  -0.136182    0.0493398
0.111856  -0.136259    0.0508919
0.115825  -0.135551    0.0506314
0.111836  -0.139079    0.0515315
0.106764  -0.139246    0.0501224
0.111168  -0.137433    0.0494316
0.108299  -0.135898    0.0508505
0.111226  -0.136594    0.0505877
0.11725  -0.135501    0.0504637
0.11641  -0.139057    0.0518021
0.115621  -0.140837    0.0522731
0.112268  -0.144836    0.0515644
0.114573  -0.139469    0.0494937
0.105379  -0.132735    0.0497697
0.111536  -0.131864    0.0483235
0.105922  -0.129331    0.0495248
0.107103  -0.131647    0.0497989
0.112308  -0.131346    0.0502435
0.109298  -0.129231    0.0503011
0.108599  -0.136255    0.0510981
0.109399  -0.136942    0.0514434
0.104493  -0.132733    0.0505373
0.109076  -0.134162    0.0506836
0.108117  -0.139263    0.0507156
0.109813  -0.137986    0.0484447
0.112618  -0.133727    0.047955
0.124137  -0.133252    0.04764
0.134134  -0.135321    0.0480341
0.142266  -0.137102    0.0474677
0.150771  -0.139135    0.0469987
0.158672  -0.139125    0.045202
0.17409  -0.143169    0.0457561
0.186168  -0.142153    0.0445367
0.195487  -0.13785    0.0444828
0.207272  -0.138227    0.0450975
0.225819  -0.139738    0.044356
0.246362  -0.142479    0.0441379
0.265993  -0.141165    0.0430271
0.295923  -0.142781    0.0429672
0.344393  -0.145142    0.0413021
0.378082  -0.149888    0.0384963
0.430467  -0.150399    0.0378581
0.486127  -0.152634    0.0363731
0.542434  -0.156969    0.0334598
0.610022  -0.151999    0.0312383
0.696782  -0.150674    0.029756
0.787575  -0.169468    0.0298171
0.889065  -0.165855    0.0260322
0.987877  -0.158909    0.0237454
1.07929  -0.159242    0.0213581
1.17201  -0.168482    0.0213989
1.26766  -0.168331    0.0187887
1.35596  -0.170655    0.0165242
1.45802  -0.169323    0.0158006
1.55494  -0.168394    0.0138378
1.65168  -0.174856    0.0114264
1.75997  -0.182569    0.0102032
1.85643  -0.183518    0.00916509
1.95574  -0.178533    0.0077402
2.05186  -0.172449    0.00483744
2.14505  -0.175092    0.00221531
2.25386  -0.173617    -0.00945352
2.36178  -0.204634    -0.0394061
2.47404  -0.25681    -0.0702428
2.5863  -0.316111    -0.0952119
2.67867  -0.321984    -0.108481
2.7651  -0.307743    -0.120328
2.85551  -0.294696    -0.129267
2.94039  -0.289148    -0.132911
3.0417  -0.302927    -0.139544
3.14577  -0.312022    -0.143293
3.22983  -0.316583    -0.14756
3.32471  -0.341974    -0.149208
3.41648  -0.357182    -0.153874
3.52339  -0.373307    -0.157537
3.62041  -0.385504    -0.159948
3.71667  -0.399658    -0.16313
3.83544  -0.413192    -0.165685
3.92465  -0.434895    -0.16904
4.02078  -0.447714    -0.172315
4.11793  -0.47174    -0.175403
4.22003  -0.502826    -0.178112
4.334  -0.533091    -0.172012
4.42057  -0.521824    -0.162352
4.51139  -0.505767    -0.151345
4.59519  -0.483785    -0.146675
4.7156  -0.49928    -0.144352
4.82344  -0.532398    -0.143059
4.93377  -0.559192    -0.139725
5.03632  -0.569268    -0.139392
5.13384  -0.585433    -0.137469
5.22962  -0.603853    -0.13662
5.33601  -0.624903    -0.13709
5.43141  -0.622286    -0.137276
5.52937  -0.638298    -0.13866
5.62024  -0.65404    -0.137562
5.72971  -0.667102    -0.131905
5.8212  -0.66433    -0.11814
5.92685  -0.669891    -0.101126
6.01435  -0.674915    -0.0833664
6.10226  -0.653994    -0.0776907
6.2048  -0.663985    -0.0710866
6.30206  -0.686793    -0.0667213
6.41908  -0.697912    -0.058399
6.52205  -0.712016    -0.0441234
6.61997  -0.705426    -0.0289157
6.70738  -0.711879    -0.0107603
6.8106  -0.727917    0.00573816
6.89765  -0.718232    0.0140044
6.98813  -0.731744    0.0170705
7.09667  -0.751501    0.0220816
7.20492  -0.771822    0.0241649
7.30634  -0.783454    0.0254285
7.40141  -0.78667    0.0254523
7.4988  -0.780014    0.0246725
7.60659  -0.77941    0.0257108
7.70633  -0.782145    0.0274074
7.80188  -0.780673    0.027809
7.89826  -0.781307    0.028258
8.00598  -0.784698    0.02854
8.10144  -0.779898    0.0282362
8.20524  -0.779819    0.0283682
8.29865  -0.776719    0.0291756
8.39896  -0.773512    0.029804
8.49533  -0.768322    0.0352609
8.60267  -0.764265    0.0373796
8.70123  -0.764332    0.0389862
8.79625  -0.769409    0.0382077
8.89709  -0.766857    0.0397204
8.99065  -0.770365    0.0407168
9.08796  -0.772739    0.0410412
9.18921  -0.766291    0.0425856
9.28098  -0.767709    0.043043
9.38551  -0.75828    0.0425314
9.47351  -0.753191    0.0421341
9.5791  -0.755203    0.0426762
9.68749  -0.750123    0.0424466
9.79436  -0.738177    0.0429596
9.90267  -0.728961    0.0436827
10.0015  -0.734996    0.0489127
10.1048  -0.72024    0.0604813
10.2054  -0.725034    0.0736842
10.2815  -0.708958    0.0785289
10.3949  -0.700868    0.0833417
10.5068  -0.699312    0.0863381
10.6084  -0.695622    0.0884459
10.7097  -0.697316    0.0895182
10.8095  -0.6921    0.0899722
10.9078  -0.689183    0.0921708
11.0037  -0.690621    0.0938794
11.1063  -0.672491    0.0946439
11.1981  -0.658744    0.094784
11.3055  -0.649607    0.0957312
11.4004  -0.636618    0.0952056
11.4996  -0.626125    0.0951861
11.5969  -0.614458    0.0959017
11.6916  -0.605138    0.0958014
11.7885  -0.591977    0.0973986
11.8842  -0.591364    0.0983383
11.9909  -0.5764    0.0983881
12.0985  -0.572276    0.0986095
12.2015  -0.563552    0.0993478
12.2955  -0.558972    0.0994057
12.4082  -0.54446    0.100408
12.494  -0.529563    0.0997243
12.5805  -0.518039    0.0993035
12.6821  -0.502755    0.0996105
12.7821  -0.505088    0.100749
12.8919  -0.498954    0.102168
12.9866  -0.481919    0.101064
13.0874  -0.472819    0.102089
13.1799  -0.467202    0.101564
13.3073  -0.473476    0.101988
13.4061  -0.466818    0.102171
13.511  -0.460541    0.101832
13.6057  -0.445042    0.102706
13.7135  -0.443146    0.103489
13.8239  -0.429913    0.103012
13.9228  -0.417151    0.102699
14.0128  -0.412169    0.10447
14.1168  -0.403391    0.104363
14.2116  -0.398127    0.105584
14.3096  -0.389299    0.105797
14.4013  -0.380264    0.101428
14.5026  -0.378087    0.0950577
14.6073  -0.387923    0.0866979
14.7065  -0.380539    0.0771465
14.8058  -0.373574    0.067049
14.9096  -0.369741    0.0563462
15.0105  -0.363812    0.0447537
15.11  -0.366298    0.036201
15.2082  -0.359051    0.0239175
15.307  -0.364241    0.0142189
15.4052  -0.361667    0.00167691
15.4976  -0.374204    -0.0205301
15.562  -0.387031    -0.0448781
15.624  -0.407749    -0.0642016
15.6634  -0.407693    -0.0811163
15.6832  -0.398052    -0.0887811
15.6914  -0.393407    -0.0978536
15.7014  -0.386979    -0.101465
15.7044  -0.38527    -0.103728
15.7033  -0.393106    -0.105994
15.7047  -0.389231    -0.10808
15.7067  -0.387027    -0.108478
15.6986  -0.379271    -0.109864
15.6871  -0.382588    -0.110291
15.6923  -0.389151    -0.111147
15.6989  -0.389655    -0.110924
15.7002  -0.39891    -0.110844
-10010 -10010 -10010
15.6916  -0.399572    -0.11067
15.6912  -0.400436    -0.110315
15.6887  -0.395597    -0.110979
15.6938  -0.393304    -0.111662
15.6999  -0.395267    -0.111854
15.701  -0.394849    -0.111894
15.7057  -0.39944    -0.112468
15.7029  -0.392479    -0.11232
15.7003  -0.388213    -0.111732
15.6944  -0.39132    -0.111211
15.6941  -0.397905    -0.111685
15.7001  -0.39877    -0.112203
15.7058  -0.397145    -0.112135
15.71  -0.392816    -0.112108
15.7052  -0.394798    -0.111878
15.6975  -0.393006    -0.112079
15.6962  -0.389605    -0.113261
15.6925  -0.396716    -0.112714
15.696  -0.386763    -0.113097
15.6936  -0.392526    -0.112787
15.6855  -0.39449    -0.112556
15.6973  -0.392209    -0.112207
15.6898  -0.398787    -0.111878
15.6823  -0.403368    -0.111395
15.6862  -0.40313    -0.112512
15.682  -0.397496    -0.111661
15.6814  -0.395056    -0.112642
15.6846  -0.389153    -0.112729
15.6926  -0.395891    -0.113501
15.6902  -0.396492    -0.11265
15.689  -0.40108    -0.112964
15.6913  -0.402407    -0.11339
15.6942  -0.403562    -0.113008
15.6915  -0.394906    -0.113586
15.6891  -0.399416    -0.113489
15.6919  -0.395655    -0.113791
15.6981  -0.397233    -0.114048
15.6894  -0.393133    -0.11342
15.6854  -0.398142    -0.112334
15.6879  -0.397903    -0.113061
15.6986  -0.39754    -0.113447
15.6968  -0.39628    -0.113947
15.6897  -0.394674    -0.113475
15.6938  -0.397629    -0.112756
15.6893  -0.397688    -0.113134
15.6973  -0.394911    -0.113537
15.699  -0.394889    -0.11347
15.6915  -0.392503    -0.113767
15.6964  -0.401531    -0.11317
15.6957  -0.402714    -0.112971
15.7018  -0.402431    -0.113338
15.7049  -0.395241    -0.112977
15.6938  -0.394862    -0.113276
15.7029  -0.394121    -0.113187
15.7009  -0.391341    -0.113643
15.6939  -0.401571    -0.113111
15.6978  -0.404593    -0.113617
15.6964  -0.403981    -0.112716
15.6961  -0.404968    -0.113282
15.6989  -0.398951    -0.114388
15.7029  -0.401173    -0.114145
15.6907  -0.394366    -0.113303
15.6954  -0.398703    -0.113628
15.6997  -0.393723    -0.113788
15.6912  -0.398108    -0.114152
15.6872  -0.398679    -0.114131
15.6916  -0.398014    -0.113886
15.688  -0.401112    -0.113133
15.705  -0.392365    -0.113336
15.7061  -0.386955    -0.113747
15.7033  -0.391048    -0.113636
15.6984  -0.385965    -0.113719
15.6935  -0.399183    -0.113588
15.6945  -0.40469    -0.113777
15.6851  -0.397724    -0.114409
15.6951  -0.397825    -0.114114
15.696  -0.402184    -0.114097
15.6968  -0.402952    -0.114383
15.7054  -0.395435    -0.118384
15.7108  -0.399864    -0.127807
15.732  -0.408862    -0.144933
15.7601  -0.432058    -0.171858
15.7914  -0.474035    -0.201611
15.8292  -0.500117    -0.239877
15.8685  -0.528627    -0.275923
15.8938  -0.522953    -0.313198
15.9319  -0.533638    -0.350275
15.9726  -0.560432    -0.387665
16.0426  -0.579649    -0.422126
16.1031  -0.618211    -0.445584
16.1931  -0.635007    -0.465269
16.2555  -0.675206    -0.482352
16.3429  -0.70943    -0.490627
16.4169  -0.760618    -0.498619
16.5014  -0.81821    -0.505176
16.5788  -0.859508    -0.50949
16.6593  -0.912507    -0.51435
16.7259  -0.968785    -0.531845
16.7996  -1.02655    -0.572004
16.8824  -1.08873    -0.646665
16.9371  -1.15251    -0.738891
16.9799  -1.22437    -0.831548
17.0329  -1.30672    -0.918352
17.0845  -1.40992    -1.0021
17.0997  -1.51581    -1.07871
17.1383  -1.63176    -1.15484
17.1725  -1.72873    -1.23373
17.1898  -1.83417    -1.31433
17.1887  -1.93088    -1.38456
17.1813  -1.98329    -1.46749
17.1971  -2.11102    -1.53656
17.1672  -2.20532    -1.60512
17.1249  -2.34005    -1.67484
17.095  -2.45304    -1.73253
17.0727  -2.51932    -1.7926
17.0235  -2.60434    -1.84169
16.9975  -2.70298    -1.87134
16.9643  -2.81668    -1.8867
16.9312  -2.91641    -1.8963
16.9094  -3.00748    -1.87764
16.8721  -3.11182    -1.81131
16.8312  -3.21985    -1.72327
16.8088  -3.3292    -1.63653
16.8058  -3.42777    -1.57114
16.8273  -3.53893    -1.53417
16.8383  -3.59151    -1.51279
16.8763  -3.68999    -1.49153
16.8871  -3.79565    -1.46617
16.8965  -3.9006    -1.432
16.9214  -4.0005    -1.38837
16.9393  -4.09462    -1.3398
17.0004  -4.18031    -1.29316
17.0462  -4.25682    -1.24707
17.0761  -4.35226    -1.20577
17.0975  -4.44836    -1.16795
17.1439  -4.548    -1.1368
17.1917  -4.63529    -1.10903
17.2369  -4.74264    -1.08456
17.3018  -4.82618    -1.06424
17.3489  -4.92742    -1.04271
17.4067  -5.02693    -1.01359
17.4724  -5.09548    -0.977928
17.5436  -5.15661    -0.933118
17.6109  -5.20912    -0.879847
17.6748  -5.28443    -0.821216
17.7743  -5.34943    -0.756987
17.8487  -5.40233    -0.685454
17.9462  -5.46107    -0.612025
18.033  -5.49488    -0.537771
18.1346  -5.53194    -0.460774
18.2383  -5.56684    -0.384294
18.3501  -5.59347    -0.304983
18.4559  -5.60138    -0.230378
18.5626  -5.60015    -0.154724
18.6668  -5.61475    -0.0847893
18.7622  -5.61041    -0.0203011
18.8538  -5.60865    0.032255
18.934  -5.61435    0.0640735
19.0257  -5.63986    0.0852504
19.1198  -5.66153    0.0945522
19.1799  -5.66973    0.105442
19.2006  -5.64638    0.112761
19.219  -5.63078    0.115054
19.2336  -5.61801    0.119289
19.2436  -5.59101    0.1206
19.2212  -5.57069    0.122178
19.2456  -5.57694    0.122233
19.2526  -5.55806    0.123316
19.2394  -5.57045    0.122697
19.2287  -5.5555    0.122975
-10010 -10010 -10010
19.2331  -5.55904    0.122853
19.2293  -5.551    0.123344
19.2301  -5.5729    0.122808
19.237  -5.55623    0.122233
19.237  -5.56342    0.122238
19.2174  -5.57533    0.123095
19.2274  -5.57326    0.122809
19.2352  -5.5629    0.122015
19.2359  -5.57843    0.122054
19.2339  -5.58333    0.123429
19.2365  -5.55874    0.122982
19.2226  -5.55926    0.122865
19.2239  -5.56443    0.123036
19.2258  -5.57674    0.122609
19.231  -5.57639    0.123032
19.2261  -5.56903    0.122222
19.2197  -5.57641    0.122495
19.2257  -5.57408    0.12289
19.2243  -5.56881    0.122651
19.2344  -5.57009    0.122699
19.2397  -5.5608    0.123256
19.2337  -5.55677    0.122846
19.2333  -5.57636    0.122708
19.2417  -5.57729    0.122135
19.2282  -5.57234    0.122985
19.23  -5.56953    0.123029
19.2293  -5.58304    0.123408
19.2346  -5.56812    0.122276
19.2288  -5.57192    0.122693
19.2394  -5.57608    0.122642
19.2355  -5.56896    0.122618
19.2356  -5.56056    0.122983
19.2291  -5.56113    0.122492
19.2298  -5.56501    0.123481
19.2233  -5.55406    0.123516
19.2327  -5.56038    0.123103
19.234  -5.56614    0.122834
19.2375  -5.5776    0.122841
19.2234  -5.56153    0.122735
19.2369  -5.57131    0.123072
19.2426  -5.57789    0.123422
19.2324  -5.56087    0.12269
19.2344  -5.55661    0.123145
19.2388  -5.56704    0.122641
19.2495  -5.56255    0.12255
19.2341  -5.56513    0.122567
19.2281  -5.56279    0.12251
19.2303  -5.56088    0.122553
19.2448  -5.56384    0.12232
19.2325  -5.57279    0.12183
19.2255  -5.56445    0.12233
19.213  -5.56201    0.122471
19.2138  -5.55892    0.123771
19.2279  -5.58685    0.122702
19.2375  -5.57152    0.122794
19.2333  -5.5559    0.122911
19.2412  -5.56544    0.121371
19.2343  -5.57412    0.121985
19.241  -5.56189    0.122585
19.2168  -5.56429    0.124072
19.2231  -5.56866    0.124262
19.232  -5.56069    0.124598
19.2232  -5.55441    0.125834
19.2166  -5.56163    0.126447
19.2235  -5.56578    0.127368
19.2241  -5.5564    0.128306
19.2384  -5.54698    0.127944
19.226  -5.56306    0.127985
19.2368  -5.56891    0.127761
19.2205  -5.56112    0.127126
19.2114  -5.55862    0.0579331
19.2254  -5.5484    -0.099107
19.2521  -5.57221    -0.222963
19.2646  -5.59171    -0.360165
19.2807  -5.61753    -0.492197
19.3101  -5.63482    -0.625796
19.3106  -5.66093    -0.762116
19.3175  -5.66966    -0.896567
19.3053  -5.68567    -1.03319
19.2432  -5.70755    -1.16645
19.2368  -5.71813    -1.30188
19.2172  -5.72587    -1.43551
19.1973  -5.74072    -1.57081
19.1555  -5.73337    -1.70658
19.1491  -5.74286    -1.8428
19.1206  -5.74804    -1.97536
19.1036  -5.73651    -2.11168
19.0752  -5.72138    -2.24662
19.0547  -5.71976    -2.38077
19.0377  -5.7031    -2.51575
19.0177  -5.6834    -2.64659
18.9965  -5.6548    -2.78115
18.9723  -5.63332    -2.89851
18.894  -5.59089    -2.90537
18.8839  -5.59041    -2.9217
18.8627  -5.60098    -2.96378
18.8485  -5.59708    -2.97537
18.8249  -5.60879    -2.98108
18.789  -5.61499    -2.99155
18.7658  -5.63313    -3.00092
18.7214  -5.62714    -3.01053
18.705  -5.5808    -3.0166
18.7025  -5.57568    -3.02065
18.7109  -5.55546    -3.0226
18.708  -5.57446    -3.025
18.7149  -5.57217    -3.02587
18.7165  -5.55817    -3.02624
18.7107  -5.55115    -3.02594
18.7265  -5.55461    -3.02671
18.7248  -5.55466    -3.02665
18.7263  -5.55159    -3.02682
18.7167  -5.5562    -3.02672
18.7134  -5.5617    -3.02717
18.7144  -5.57184    -3.02751
18.7203  -5.56746    -3.02733
18.7092  -5.57377    -3.02587
18.7165  -5.57991    -3.02633
18.7296  -5.56501    -3.02667
18.7358  -5.57732    -3.0273
18.7246  -5.57594    -3.027
18.7127  -5.55799    -3.02732
18.6955  -5.56429    -3.03067
18.6629  -5.55709    -3.03297
18.634  -5.55484    -3.03518
18.5784  -5.55185    -3.0371
18.5298  -5.54855    -3.03905
18.4774  -5.54513    -3.04224
18.4194  -5.53862    -3.04525
18.3428  -5.53971    -3.04909
18.2542  -5.53458    -3.05265
18.1632  -5.53924    -3.05775
18.0582  -5.56816    -3.05185
17.9335  -5.6152    -3.00965
17.8207  -5.6401    -2.94941
17.7135  -5.68042    -2.87859
17.6098  -5.70522    -2.80517
17.5104  -5.76537    -2.74235
17.4173  -5.80798    -2.68181
17.3799  -5.85185    -2.63217
17.2966  -5.88922    -2.60089
17.1804  -5.91237    -2.58645
17.0857  -5.9105    -2.57918
17.0192  -5.96399    -2.57047
16.9653  -5.99805    -2.56655
16.8933  -6.05762    -2.56187
16.8249  -6.12582    -2.55872
16.7515  -6.17816    -2.55674
16.6552  -6.23586    -2.55587
16.5954  -6.295    -2.55557
16.528  -6.35421    -2.55458
16.4525  -6.41368    -2.55459
16.3708  -6.47932    -2.55415
16.2898  -6.52032    -2.55416
16.2101  -6.58631    -2.55431
16.122  -6.64651    -2.55392
16.034  -6.70034    -2.55348
15.9547  -6.75103    -2.55324
15.8706  -6.79303    -2.55253
15.7739  -6.8532    -2.54507
15.6952  -6.93392    -2.53569
15.6259  -7.01257    -2.52251
15.5427  -7.08093    -2.50513
15.4621  -7.13911    -2.48575
15.3973  -7.21482    -2.46859
15.3322  -7.24979    -2.45807
15.2624  -7.30656    -2.45458
15.1723  -7.35251    -2.44993
15.0866  -7.3935    -2.44654
14.9998  -7.46243    -2.44546
14.9185  -7.51869    -2.44468
14.8556  -7.59281    -2.44349
14.7721  -7.66562    -2.44306
14.6971  -7.729    -2.44435
14.6377  -7.77148    -2.44412
14.5586  -7.85386    -2.44408
14.4819  -7.9066    -2.44391
14.3967  -7.97139    -2.44222
14.3227  -8.04235    -2.44269
14.2554  -8.11194    -2.44376
14.1679  -8.17588    -2.44169
14.0834  -8.25145    -2.44035
14.0204  -8.3241    -2.43498
13.9423  -8.40286    -2.4247
13.8683  -8.47707    -2.41263
13.8044  -8.54815    -2.40109
13.7335  -8.62357    -2.38643
13.6387  -8.70699    -2.36672
13.5768  -8.77435    -2.34557
13.52  -8.84311    -2.32203
13.4489  -8.92882    -2.29494
13.3808  -9.00022    -2.26467
13.3381  -9.09354    -2.23301
13.2796  -9.17418    -2.20267
13.2285  -9.26977    -2.17242
13.1919  -9.35585    -2.14351
13.1267  -9.44038    -2.11602
13.0684  -9.53605    -2.09229
13.0216  -9.61972    -2.07037
12.9835  -9.7063    -2.049
12.9443  -9.80983    -2.02596
12.8997  -9.8965    -2.00405
12.8659  -9.99709    -1.98117
12.83  -10.0964    -1.95999
12.7916  -10.1868    -1.93798
12.7522  -10.2797    -1.91684
12.7182  -10.3918    -1.89367
12.686  -10.4833    -1.86825
12.6625  -10.5747    -1.84099
12.6479  -10.6817    -1.81282
12.6287  -10.7861    -1.78462
12.6121  -10.8826    -1.75824
12.6046  -10.9704    -1.73347
12.5906  -11.0653    -1.70853
12.5864  -11.1631    -1.68516
12.5722  -11.2556    -1.66678
12.5504  -11.3634    -1.66123
12.5388  -11.4713    -1.6569
12.5091  -11.565    -1.66989
12.4568  -11.6511    -1.70533
12.4248  -11.7301    -1.74035
12.4514  -11.8125    -1.76072
12.4366  -11.9079    -1.77431
12.4339  -12.012    -1.78282
12.4204  -12.1194    -1.78855
12.418  -12.213    -1.79435
12.404  -12.3183    -1.79244
12.3916  -12.4142    -1.78799
12.3667  -12.5174    -1.78028
12.3523  -12.5759    -1.77261
12.3342  -12.687    -1.76295
12.328  -12.7694    -1.75471
12.3027  -12.8627    -1.74521
12.2852  -12.9617    -1.73471
12.277  -13.0604    -1.72544
12.2661  -13.1635    -1.71422
12.2482  -13.2672    -1.70071
12.2441  -13.3616    -1.68741
12.2312  -13.4779    -1.67287
12.2346  -13.5852    -1.65895
12.2196  -13.6796    -1.64592
12.2146  -13.7878    -1.63317
12.1951  -13.8842    -1.62834
12.1851  -13.9852    -1.62515
12.1696  -14.0875    -1.62281
12.1521  -14.1825    -1.62135
12.145  -14.2899    -1.62179
12.1377  -14.3929    -1.62236
12.1304  -14.4911    -1.6225
12.1159  -14.6007    -1.62222
12.1071  -14.7057    -1.62117
12.0981  -14.8003    -1.62131
12.0911  -14.9022    -1.62157
12.085  -15.0017    -1.62071
12.08  -15.1026    -1.62072
12.0727  -15.2005    -1.6206
12.0621  -15.294    -1.619
12.065  -15.3933    -1.61338
12.0741  -15.4935    -1.60611
12.0658  -15.5943    -1.60376
12.0617  -15.6919    -1.60064
12.0475  -15.7937    -1.59934
12.0425  -15.8899    -1.59861
12.0338  -15.9863    -1.59741
12.0301  -16.0961    -1.59692
12.0299  -16.1854    -1.5974
12.0285  -16.2671    -1.60044
12.0203  -16.3354    -1.61713
11.9933  -16.4151    -1.64587
11.9578  -16.4875    -1.67144
11.9343  -16.5444    -1.70327
11.8996  -16.6166    -1.73705
11.8853  -16.6826    -1.76187
11.8628  -16.7681    -1.78168
11.8383  -16.8748    -1.79257
11.8234  -16.9695    -1.80115
11.8112  -17.065    -1.80845
11.8021  -17.1334    -1.81483
11.7773  -17.2145    -1.8341
11.7373  -17.2972    -1.87277
11.6885  -17.3743    -1.92292
11.6642  -17.4275    -1.98671
11.6172  -17.4668    -2.08466
11.5775  -17.5006    -2.1917
11.5381  -17.4515    -2.2873
11.4914  -17.4542    -2.36457
11.416  -17.4322    -2.414
11.381  -17.4467    -2.42438
11.3587  -17.4519    -2.40972
11.3582  -17.4703    -2.41047
11.3724  -17.4837    -2.41485
11.3694  -17.501    -2.41839
11.3705  -17.5213    -2.42193
11.3779  -17.5477    -2.42794
11.3929  -17.5625    -2.4338
11.4028  -17.5684    -2.43973
-10010 -10010 -10010
11.4004  -17.5866    -2.44216
11.4006  -17.5939    -2.44244
11.4095  -17.5911    -2.44435
11.4005  -17.6037    -2.44331
11.3989  -17.6153    -2.44402
11.4024  -17.6165    -2.44403
11.4046  -17.6138    -2.44344
11.4056  -17.6029    -2.44365
11.3998  -17.6084    -2.44347
11.4064  -17.5916    -2.44405
11.422  -17.5979    -2.44372
11.4018  -17.6048    -2.44376
11.3992  -17.6031    -2.44323
11.4046  -17.6061    -2.44387
11.412  -17.6031    -2.44401
11.4253  -17.6001    -2.44243
11.4114  -17.6125    -2.44362
11.4122  -17.6143    -2.44357
11.4123  -17.6036    -2.44266
11.4098  -17.6019    -2.44275
11.4099  -17.6117    -2.44337
11.4156  -17.6055    -2.4415
11.4054  -17.6106    -2.44123
11.4096  -17.6083    -2.44199
11.4081  -17.6127    -2.44207
11.4005  -17.6148    -2.44291
11.4024  -17.6138    -2.44316
11.4077  -17.6115    -2.44277
11.4092  -17.6034    -2.44179
11.406  -17.609    -2.44211
11.4084  -17.6114    -2.44452
11.4036  -17.6045    -2.44525
11.4053  -17.6093    -2.44531
11.4126  -17.603    -2.44399
11.4148  -17.6124    -2.44446
11.4072  -17.6203    -2.44437
11.407  -17.6171    -2.44465
11.4053  -17.6217    -2.44633
11.4036  -17.6271    -2.44643
11.4103  -17.6279    -2.44689
11.4072  -17.626    -2.44515
11.409  -17.6203    -2.44373
11.4132  -17.616    -2.44345
11.4051  -17.6177    -2.44296
11.3937  -17.6199    -2.44439
11.3914  -17.6234    -2.4457
11.399  -17.6276    -2.44617
11.3858  -17.6284    -2.44628
11.3799  -17.6416    -2.44864
11.3684  -17.6334    -2.44761
11.3494  -17.6445    -2.44917
11.3222  -17.6676    -2.45417
11.2969  -17.6975    -2.47082
11.2534  -17.701    -2.49984
11.2015  -17.7025    -2.53432
11.15  -17.701    -2.5808
11.0872  -17.6735    -2.62693
11.0155  -17.6464    -2.67042
10.9643  -17.6604    -2.71014
10.9223  -17.6721    -2.74721
10.8909  -17.6718    -2.78414
10.8435  -17.6724    -2.81156
10.7931  -17.7053    -2.83377
10.747  -17.7397    -2.84477
10.6954  -17.7866    -2.85361
10.6309  -17.8131    -2.85978
10.5662  -17.8356    -2.86446
10.4971  -17.8545    -2.86783
10.4234  -17.8698    -2.87206
10.3651  -17.8861    -2.87601
10.287  -17.9074    -2.88079
10.2138  -17.9227    -2.88345
10.1296  -17.9421    -2.887
10.0342  -17.9578    -2.89221
9.93061  -17.977    -2.89482
9.84492  -17.9938    -2.90039
9.7519  -18.0075    -2.90368
9.65637  -18.0307    -2.90944
9.55817  -18.0578    -2.9142
9.45197  -18.0795    -2.91827
9.35298  -18.1066    -2.92361
9.26181  -18.1309    -2.92667
9.16293  -18.1455    -2.93032
9.07343  -18.1593    -2.93413
8.97628  -18.1731    -2.93779
8.87844  -18.2005    -2.94265
8.77599  -18.2213    -2.94723
8.67804  -18.2288    -2.94909
8.58266  -18.2479    -2.95394
8.48644  -18.2608    -2.95506
8.3856  -18.2949    -2.94913
8.29705  -18.3294    -2.94064
8.18507  -18.358    -2.92764
8.08769  -18.3868    -2.91181
7.99205  -18.4123    -2.90135
7.88642  -18.4302    -2.89839
7.78427  -18.4466    -2.89179
7.69786  -18.4661    -2.89076
7.60879  -18.5033    -2.87315
7.52892  -18.556    -2.86174
7.42237  -18.5848    -2.85829
7.3115  -18.6192    -2.85281
7.20467  -18.6268    -2.8521
7.11321  -18.6368    -2.84822
7.01714  -18.667    -2.84747
6.92195  -18.6915    -2.84941
6.83323  -18.6996    -2.86784
6.72397  -18.7089    -2.87798
6.63978  -18.7301    -2.8896
6.54701  -18.7614    -2.89827
6.47227  -18.8056    -2.90771
6.38663  -18.8309    -2.91359
6.27536  -18.8419    -2.91612
6.1818  -18.8656    -2.92295
6.07964  -18.8795    -2.92645
5.97936  -18.9014    -2.93153
5.88011  -18.9204    -2.93489
5.77583  -18.935    -2.93616
5.68616  -18.9598    -2.94266
5.5801  -18.982    -2.95503
5.47541  -18.9631    -2.96701
5.37613  -18.9579    -2.97622
5.28095  -18.9899    -2.98523
5.18361  -19.0039    -2.99216
5.08664  -19.0329    -2.99842
4.99086  -19.0505    -3.00901
4.8773  -19.0461    -3.03835
4.77946  -18.998    -3.06957
4.67714  -18.9421    -3.10642
4.59848  -18.9404    -3.1311
4.51028  -18.9567    3.13262
4.43781  -18.9983    3.12422
4.34215  -19.0159    3.13628
4.21881  -19.1262    -3.12249
4.08977  -19.1876    -3.11559
3.96333  -19.1894    -3.10675
3.86378  -19.1451    -3.09778
3.7613  -19.1443    -3.09611
3.66039  -19.1353    -3.09136
3.57435  -19.1286    -3.09109
3.47737  -19.1334    -3.09112
3.37604  -19.1287    -3.09078
3.27399  -19.1407    -3.09178
3.17634  -19.1434    -3.09155
3.0822  -19.1499    -3.08211
2.98542  -19.1552    -3.07698
2.86707  -19.1725    -3.07439
2.7734  -19.1689    -3.07097
2.68617  -19.1615    -3.06726
2.59947  -19.1705    -3.0648
2.49443  -19.1799    -3.06579
2.3985  -19.1848    -3.06235
2.2992  -19.1908    -3.06126
2.20025  -19.2027    -3.06172
2.09932  -19.2032    -3.06126
1.99742  -19.2119    -3.06217
1.89621  -19.2102    -3.05904
1.79614  -19.2158    -3.05822
1.69089  -19.2214    -3.0558
1.57943  -19.2347    -3.05947
1.48261  -19.2419    -3.05674
1.38353  -19.2498    -3.05842
1.28107  -19.2588    -3.05754
1.18768  -19.2655    -3.05897
1.08494  -19.2707    -3.05912
0.992113  -19.2789    -3.05863
0.884935  -19.2849    -3.05607
0.780376  -19.2951    -3.05372
0.6703  -19.2929    -3.0543
0.574998  -19.3092    -3.05439
0.476648  -19.3137    -3.05334
0.374133  -19.3252    -3.05526
0.270894  -19.3344    -3.05546
0.178387  -19.3437    -3.05732
0.0846322  -19.3504    -3.05547
-0.0218004  -19.3542    -3.05495
-0.129405  -19.3627    -3.05553
-0.230623  -19.3677    -3.05668
-0.337179  -19.37    -3.05366
-0.433486  -19.3711    -3.0548
-0.530961  -19.3863    -3.05666
-0.626236  -19.3984    -3.05666
-0.733327  -19.4039    -3.05783
-0.832357  -19.4159    -3.0592
-0.933527  -19.4227    -3.05354
-1.03421  -19.4333    -3.05472
-1.13494  -19.4334    -3.05456
-1.24684  -19.4439    -3.0561
-1.34387  -19.4476    -3.05601
-1.44046  -19.4609    -3.05532
-1.53402  -19.4857    -3.04668
-1.63566  -19.5028    -3.03569
-1.74051  -19.5073    -3.02259
-1.84194  -19.529    -3.01004
-1.93777  -19.5415    -2.99806
-2.03492  -19.5591    -2.98678
-2.13512  -19.5652    -2.97347
-2.22834  -19.5855    -2.96289
-2.32984  -19.6025    -2.95016
-2.43858  -19.6203    -2.93692
-2.54724  -19.6318    -2.92215
-2.64015  -19.656    -2.91074
-2.74083  -19.675    -2.89852
-2.83972  -19.6963    -2.88503
-2.93261  -19.7301    -2.87255
-3.02256  -19.7622    -2.85944
-3.11787  -19.7857    -2.84614
-3.19716  -19.8189    -2.83161
-3.27675  -19.8578    -2.81845
-3.37933  -19.8949    -2.80159
-3.47279  -19.9206    -2.78696
-3.56694  -19.961    -2.76986
-3.66212  -19.9988    -2.75466
-3.75289  -20.0453    -2.73795
-3.84692  -20.0915    -2.71805
-3.92975  -20.1369    -2.69681
-4.02035  -20.1843    -2.67051
-4.11545  -20.2616    -2.63373
-4.18158  -20.3175    -2.57714
-4.28659  -20.3778    -2.50419
-4.34512  -20.4318    -2.42487
-4.41147  -20.5225    -2.34501
-4.44929  -20.5856    -2.2893
-4.5552  -20.6859    -2.23814
-4.62565  -20.7692    -2.18215
-4.66533  -20.8737    -2.12266
-4.66688  -20.9813    -2.05278
-4.68329  -21.0843    -1.97563
-4.71639  -21.1625    -1.90243
-4.74005  -21.2688    -1.83665
-4.75394  -21.3707    -1.79061
-4.78326  -21.4861    -1.75731
-4.80374  -21.5911    -1.73866
-4.81444  -21.6836    -1.72622
-4.81423  -21.7769    -1.72346
-4.81248  -21.875    -1.72179
-4.84101  -21.9756    -1.72057
-4.84599  -22.0617    -1.71987
-4.86067  -22.155    -1.71995
-4.86912  -22.263    -1.7194
-4.87149  -22.3552    -1.72099
-4.88319  -22.4522    -1.71984
-4.87104  -22.5718    -1.71082
-4.85487  -22.6795    -1.68695
-4.83764  -22.7742    -1.66199
-4.85652  -22.8749    -1.62893
-4.86989  -22.9827    -1.59536
-4.86945  -23.0796    -1.56535
-4.88122  -23.1598    -1.54847
-4.88233  -23.276    -1.53687
-4.89914  -23.3705    -1.52941
-4.89163  -23.4713    -1.53035
-4.87618  -23.5621    -1.52964
-4.86316  -23.6563    -1.53063
-4.87132  -23.7537    -1.52908
-4.86187  -23.8538    -1.52964
-4.8555  -23.9548    -1.52901
-4.85677  -24.0619    -1.52838
-4.84601  -24.1583    -1.52826
-4.85106  -24.2417    -1.52709
-4.83708  -24.291    -1.52786
-4.83552  -24.3314    -1.52663
-4.83311  -24.3595    -1.52545
-4.84331  -24.3784    -1.52345
-4.84102  -24.3673    -1.52372
-4.83866  -24.3619    -1.52482
-4.83694  -24.3549    -1.52448
-4.84118  -24.3621    -1.52393
-4.84546  -24.3589    -1.52328
-4.8517  -24.3608    -1.52337
-4.84274  -24.3607    -1.52397
-4.8387  -24.3609    -1.52438
-4.84051  -24.3695    -1.52423
-10010 -10010 -10010
-4.84465  -24.3659    -1.52344
-4.84525  -24.3623    -1.52404
-4.84484  -24.3632    -1.52377
-4.84331  -24.362    -1.5235
-4.84143  -24.3648    -1.52421
-4.844  -24.3631    -1.52409
-4.8425  -24.3613    -1.52465
-4.84045  -24.3521    -1.52438
-4.8436  -24.3591    -1.52454
-4.84271  -24.362    -1.52383
-4.84478  -24.3619    -1.52403
-4.84366  -24.3656    -1.52382
-4.84053  -24.3648    -1.52456
-4.8411  -24.3628    -1.52379
-4.83965  -24.366    -1.52409
-4.84238  -24.3681    -1.52387
-4.83922  -24.3632    -1.52456
-4.84381  -24.3603    -1.52374
-4.84539  -24.3582    -1.52409
-4.84939  -24.3567    -1.52411
-4.84364  -24.3613    -1.52417
-4.84435  -24.3626    -1.52416
-4.8417  -24.3666    -1.52393
-4.84164  -24.3606    -1.52398
-4.84203  -24.3588    -1.52369
-4.83966  -24.3619    -1.52411
-4.83756  -24.3633    -1.5244
-4.83555  -24.3656    -1.52409
-4.83979  -24.3622    -1.52426
-4.83964  -24.361    -1.52396
-4.84125  -24.3633    -1.52365
-4.83982  -24.3671    -1.5239
-4.84103  -24.3706    -1.52423
-4.84836  -24.3703    -1.52315
-4.85261  -24.3651    -1.52306
-4.84713  -24.3651    -1.52351
-4.83926  -24.3645    -1.52383
-4.84181  -24.3601    -1.52401
-4.8464  -24.3612    -1.52421
-4.8456  -24.362    -1.52384
-4.84242  -24.3592    -1.52424
-4.84546  -24.3588    -1.52393
-4.84086  -24.3598    -1.52406
-4.84138  -24.3566    -1.52401
-4.8487  -24.3602    -1.52368
-4.84635  -24.3626    -1.52478
-4.84099  -24.3626    -1.5236
-4.84634  -24.3575    -1.52309
-4.85224  -24.3543    -1.52355
-4.84462  -24.3603    -1.52407
-4.85016  -24.3561    -1.52309
-4.84721  -24.3584    -1.52351
-4.84185  -24.3617    -1.52373
-4.84109  -24.3619    -1.52394
-4.84288  -24.3608    -1.52398
-4.84286  -24.3616    -1.5239
-4.84018  -24.36    -1.52458
-4.83641  -24.3699    -1.52399
-4.84435  -24.3626    -1.52338
-4.84714  -24.3603    -1.52379
-4.84426  -24.3601    -1.5241
-4.84572  -24.3608    -1.52345
-4.84056  -24.3614    -1.52357
-4.84158  -24.3609    -1.52397
-4.84382  -24.3626    -1.52362
-4.84041  -24.3629    -1.52404
-4.84121  -24.3643    -1.52381
-4.84148  -24.3648    -1.52388
-4.83858  -24.3567    -1.5244
-4.84241  -24.3472    -1.52439
-4.84463  -24.3337    -1.52308
-4.84014  -24.3153    -1.52347
-4.84021  -24.2849    -1.52251
-4.8473  -24.2557    -1.52266
-4.85181  -24.2253    -1.52074
-4.85443  -24.1898    -1.52115
-4.85996  -24.1511    -1.5199
-4.86489  -24.116    -1.52004
-4.86921  -24.0772    -1.51965
-4.86744  -24.0455    -1.5231
-4.86051  -24.0125    -1.524
-4.87811  -23.9936    -1.52541
-4.87648  -23.9937    -1.52606
-4.87022  -23.9938    -1.52605
-4.87881  -23.9915    -1.52618
-4.88875  -23.9908    -1.5261
-4.89359  -23.9892    -1.52655
-4.8825  -23.9927    -1.52671
-4.88825  -23.9846    -1.5265
-4.89278  -23.9823    -1.52674
-4.8995  -23.9821    -1.52686
-4.8999  -23.9869    -1.52701
-4.90556  -23.9899    -1.52778
-4.9016  -23.9868    -1.52899
-4.89266  -23.9875    -1.53001
-4.88861  -23.9874    -1.53023
-4.89244  -23.983    -1.53079
-4.89674  -23.9858    -1.53127
-4.89957  -23.9914    -1.53307
-4.96338  -24.0065    -1.60876
-4.99827  -24.0085    -1.75439
-5.00622  -24.0238    -1.88129
-5.0053  -24.0198    -2.01969
-4.99295  -24.0325    -2.1494
-4.99998  -24.0149    -2.28402
-5.02573  -23.96    -2.42149
-5.04449  -23.9375    -2.55478
-5.06335  -23.8929    -2.69498
-5.07944  -23.8562    -2.82723
-5.09995  -23.7966    -2.97128
-5.09961  -23.7729    -3.11129
-5.1013  -23.7164    3.03058
-5.09764  -23.7118    2.90035
-5.08817  -23.705    2.76077
-5.07535  -23.6861    2.62464
-5.06657  -23.6778    2.48816
-5.05685  -23.6772    2.35322
-5.04574  -23.6443    2.22376
-5.01351  -23.6173    2.0954
-4.9876  -23.6006    1.9717
-4.97024  -23.5915    1.84327
-4.92704  -23.5835    1.72184
-4.88973  -23.5574    1.63681
-4.87458  -23.5761    1.65665
-4.86922  -23.5732    1.61088
-4.88238  -23.5558    1.58033
-4.89759  -23.5502    1.57541
-4.90541  -23.5578    1.55931
-4.90493  -23.572    1.54743
-4.90085  -23.5573    1.53379
-4.92026  -23.5276    1.52479
-4.91828  -23.4978    1.51859
-4.93133  -23.4879    1.5152
-4.90624  -23.4702    1.51694
-4.93953  -23.4747    1.51655
-4.9443  -23.4854    1.51476
-4.90672  -23.4979    1.51419
-4.92038  -23.4976    1.51529
-4.90473  -23.4884    1.51358
-4.91584  -23.4902    1.51404
-4.91018  -23.4961    1.51554
-4.90373  -23.4928    1.51478
-4.89676  -23.4962    1.51372
-4.89695  -23.4743    1.51528
-4.92477  -23.4599    1.51768
-4.89993  -23.4644    1.51403
-4.89576  -23.4536    1.51434
-4.88291  -23.4351    1.51064
-4.8872  -23.4167    1.51019
-4.86658  -23.352    1.52311
-4.94307  -23.2488    1.56737
-5.01551  -23.1266    1.63731
-5.03739  -23.0508    1.70314
-5.02033  -23.0401    1.76926
-5.01762  -23.0729    1.82399
-5.0251  -23.0328    1.85739
-5.03489  -22.9749    1.87089
-5.02072  -22.908    1.8782
-5.03394  -22.8122    1.88055
-5.04905  -22.7369    1.87797
-5.07893  -22.656    1.87811
-5.10703  -22.5724    1.8803
-5.13861  -22.4905    1.87888
-5.17598  -22.4044    1.89218
-5.20868  -22.3139    1.93556
-5.25986  -22.2188    1.99291
-5.29213  -22.1303    2.05455
-5.33995  -22.0487    2.11923
-5.39799  -21.9787    2.1711
-5.46336  -21.9053    2.20959
-5.50793  -21.8116    2.24351
-5.56017  -21.7154    2.27479
-5.62849  -21.628    2.3049
-5.7035  -21.5693    2.3317
-5.77499  -21.5048    2.35962
-5.83715  -21.4443    2.38858
-5.91724  -21.3793    2.41729
-6.00132  -21.3244    2.44576
-6.09568  -21.2516    2.47486
-6.17606  -21.1997    2.50571
-6.26856  -21.1549    2.53797
-6.3547  -21.0889    2.56946
-6.44643  -21.0563    2.60198
-6.53811  -21.0229    2.64048
-6.62896  -21.006    2.68472
-6.73157  -20.972    2.73242
-6.82844  -20.9274    2.77608
-6.93343  -20.8824    2.81738
-7.04851  -20.8556    2.85256
-7.15607  -20.816    2.88335
-7.24301  -20.7787    2.9022
-7.35739  -20.7445    2.91242
-7.43722  -20.7335    2.91476
-7.53017  -20.7065    2.91524
-7.63025  -20.6877    2.91544
-7.72093  -20.6784    2.91621
-7.82598  -20.665    2.91675
-7.92476  -20.6467    2.91983
-8.02684  -20.6408    2.93021
-8.13685  -20.6441    2.95354
-8.22324  -20.6239    2.98094
-8.32946  -20.603    3.00297
-8.43028  -20.5836    3.01344
-8.51733  -20.5656    3.01568
-8.61629  -20.5551    3.0157
-8.7144  -20.5434    3.01598
-8.80901  -20.5393    3.01629
-8.91006  -20.524    3.01748
-9.01633  -20.513    3.01777
-9.12037  -20.5011    3.01921
-9.23143  -20.4947    3.02158
-9.32532  -20.4907    3.02621
-9.42985  -20.4873    3.03555
-9.54369  -20.4794    3.04749
-9.628  -20.4721    3.06424
-9.73349  -20.4586    3.07687
-9.8296  -20.4351    3.08272
-9.93266  -20.414    3.08444
-10.0312  -20.4068    3.0847
-10.1325  -20.4033    3.08526
-10.2269  -20.3913    3.08566
-10.3202  -20.3863    3.08605
-10.4123  -20.3779    3.08646
-10.5111  -20.375    3.08737
-10.6153  -20.3686    3.08778
-10.7189  -20.3625    3.08886
-10.8179  -20.3623    3.08838
-10.9179  -20.3553    3.09305
-11.0275  -20.3823    3.124
-11.1122  -20.4016    3.14129
-11.2118  -20.3822    -3.12982
-11.3286  -20.3373    -3.12344
-11.4279  -20.3393    -3.12169
-11.5115  -20.3311    -3.12195
-11.6241  -20.3265    -3.11992
-11.7186  -20.3573    -3.10676
-11.8218  -20.4    -3.08038
-11.9349  -20.4065    -3.06425
-12.0363  -20.3792    -3.05739
-12.1279  -20.3624    -3.05604
-12.2103  -20.3611    -3.05469
-12.3117  -20.362    -3.05406
-12.3972  -20.3695    -3.05289
-12.4956  -20.3834    -3.05293
-12.5975  -20.3925    -3.05428
-12.7008  -20.3999    -3.05107
-12.7922  -20.4039    -3.05181
-12.8907  -20.4127    -3.05228
-12.9915  -20.4247    -3.05175
-13.0848  -20.4317    -3.05254
-13.1845  -20.4338    -3.05081
-13.2884  -20.4471    -3.0519
-13.3795  -20.4571    -3.05089
-13.4829  -20.4575    -3.04812
-13.5822  -20.4663    -3.04958
-13.6749  -20.4763    -3.05064
-13.7786  -20.4848    -3.04887
-13.8814  -20.4978    -3.04979
-13.9766  -20.5027    -3.04734
-14.0622  -20.5124    -3.04657
-14.1547  -20.5161    -3.04832
-14.2572  -20.5218    -3.04754
-14.3558  -20.5249    -3.04707
-14.4588  -20.5344    -3.04713
-14.5567  -20.5349    -3.0495
-14.6612  -20.5467    -3.04713
-14.7636  -20.5459    -3.047
-14.8587  -20.5572    -3.04667
-14.9589  -20.5678    -3.04559
-15.0521  -20.5789    -3.04621
-15.1515  -20.5905    -3.04502
-15.2594  -20.6002    -3.04653
-15.366  -20.6145    -3.0475
-15.4636  -20.6269    -3.04446
-15.5644  -20.6338    -3.04237
-15.6629  -20.6448    -3.04114
-15.7615  -20.6589    -3.04096
-15.856  -20.675    -3.04112
-15.9616  -20.6849    -3.03965
-16.0624  -20.6836    -3.04068
-16.1634  -20.6965    -3.0412
-16.2538  -20.7083    -3.03927
-16.3456  -20.7178    -3.0415
-16.4481  -20.7277    -3.03916
-16.5463  -20.747    -3.03898
-16.6532  -20.747    -3.04138
-16.7449  -20.7561    -3.05176
-16.8449  -20.7436    -3.05753
-16.9393  -20.7453    -3.065
-17.0362  -20.758    -3.07343
-17.1307  -20.7644    -3.07799
-17.2329  -20.7706    -3.08023
-17.3323  -20.7758    -3.08265
-17.4303  -20.7806    -3.08813
-17.5311  -20.7913    -3.08972
-17.6388  -20.787    -3.09189
-17.7377  -20.7959    -3.09838
-17.8345  -20.7971    -3.09848
-17.9273  -20.8011    -3.10148
-18.0281  -20.8067    -3.1031
-18.1289  -20.8107    -3.11041
-18.2367  -20.8091    -3.10276
-18.3401  -20.8139    -3.08062
-18.4391  -20.8384    -3.05031
-18.5357  -20.8591    -3.02755
-18.6353  -20.8805    -3.00641
-18.7377  -20.884    -2.99628
-18.8317  -20.8774    -2.9905
-18.9307  -20.8819    -2.99176
-19.0355  -20.8769    -2.99259
-19.1333  -20.8837    -2.99338
-19.2382  -20.9004    -2.99448
-19.3422  -20.9135    -2.9914
-19.4545  -20.9233    -2.98948
-19.5571  -20.9296    -2.98696
-19.6606  -20.9445    -2.99391
-19.7606  -20.9602    -2.99214
-19.8613  -20.98    -3.00515
-19.9672  -21.0006    -3.00276
-20.076  -21.0156    -3.00117
-20.175  -21.0254    -2.99944
-20.2672  -21.0398    -2.99868
-20.3638  -21.0519    -3.00135
-20.4587  -21.0651    -3.0013
-20.5549  -21.0772    -2.99942
-20.6484  -21.0902    -2.98082
-20.7438  -21.1003    -2.96621
-20.8321  -21.1219    -2.94989
-20.9296  -21.1427    -2.93252
-21.0342  -21.1619    -2.93651
-21.134  -21.1819    -2.94279
-21.2443  -21.1973    -2.93879
-21.3424  -21.222    -2.93812
-21.4465  -21.2408    -2.93347
-21.5421  -21.2607    -2.93441
-21.6261  -21.2832    -2.92991
-21.7239  -21.3045    -2.93777
-21.8218  -21.3288    -2.9363
-21.9246  -21.3556    -2.93088
-22.0181  -21.3741    -2.93712
-22.1183  -21.3947    -2.93446
-22.2121  -21.4159    -2.93676
-22.3079  -21.435    -2.93421
-22.4106  -21.4549    -2.91667
-22.5235  -21.4662    -2.91646
-22.6299  -21.498    -2.92507
-22.7278  -21.5276    -2.92351
-22.8231  -21.5446    -2.91945
-22.9248  -21.571    -2.9199
-23.0248  -21.5952    -2.92136
-23.118  -21.6148    -2.92276
-23.2209  -21.6367    -2.9193
-23.3136  -21.6607    -2.92234
-23.4196  -21.6799    -2.91953
-23.5107  -21.7042    -2.92829
-23.6109  -21.7289    -2.93372
-23.7222  -21.7576    -2.93236
-23.8266  -21.7746    -2.92577
-23.9377  -21.7812    -2.92717
-24.031  -21.8027    -2.92762
-24.1289  -21.8233    -2.92471
-24.2379  -21.8384    -2.92341
-24.3322  -21.8615    -2.92375
-24.4464  -21.8854    -2.92452
-24.5409  -21.9132    -2.92784
-24.6386  -21.9377    -2.95018
-24.7367  -21.9581    -2.99409
-24.8266  -21.9716    -3.06223
-24.9053  -21.9728    -3.13564
-24.9688  -21.976    3.08607
-25.0089  -21.9759    3.0402
-25.0207  -21.9735    2.99567
-25.023  -21.9799    2.97882
-25.0238  -21.9875    2.9696
-25.036  -21.9883    2.95523
-25.0548  -21.9805    2.91038
-25.0759  -21.9764    2.79181
-25.105  -21.9631    2.64109
-25.1368  -21.9437    2.48985
-25.155  -21.9286    2.37171
-25.1738  -21.9058    2.29612
-25.1745  -21.8892    2.28159
-25.1702  -21.8917    2.29006
-25.1706  -21.8952    2.27882
-25.1699  -21.8955    2.26291
-25.1778  -21.9041    2.25453
-25.1826  -21.8788    2.23758
-25.1909  -21.8814    2.21917
-25.1761  -21.8648    2.22351
-25.184  -21.8213    2.22141
-25.1887  -21.7845    2.21294
-25.1971  -21.7575    2.20939
-25.2112  -21.7201    2.20426
-25.2397  -21.6852    2.20162
-25.2637  -21.6423    2.20182
-25.2912  -21.5767    2.20853
-25.3488  -21.5276    2.20809
-25.3966  -21.4724    2.20855
-25.4334  -21.4024    2.21438
-25.478  -21.3319    2.21543
-25.5171  -21.2595    2.22557
-25.5679  -21.2001    2.26356
-25.6244  -21.159    2.32185
-25.6566  -21.1151    2.36519
-25.6986  -21.0652    2.38605
-25.7465  -21.0167    2.3988
-25.7959  -20.9787    2.40708
-25.8403  -20.9344    2.42468
-25.8722  -20.8941    2.42442
-25.8937  -20.8038    2.41397
-25.9124  -20.7546    2.39333
-25.955  -20.7324    2.3634
-25.9773  -20.7081    2.31443
-25.9893  -20.7007    2.27884
-25.989  -20.676    2.19497
-26.011  -20.653    2.10275
-26.0286  -20.6309    2.04015
-26.0184  -20.5996    1.94484
-26.0072  -20.5732    1.87655
-26.0067  -20.5577    1.80659
-25.9991  -20.5438    1.75874
-26.0002  -20.538    1.72726
-25.9978  -20.5508    1.70951
-25.9993  -20.569    1.70204
-26.0085  -20.5818    1.70129
-26.0125  -20.5914    1.70223
-26.016  -20.5976    1.7042
-26.0109  -20.6091    1.70255
-26.0123  -20.6118    1.70134
-26.0138  -20.6198    1.70297
-26.0138  -20.6204    1.70334
-26.0276  -20.6217    1.70151
-26.033  -20.6272    1.70081
-26.0287  -20.619    1.703
-26.028  -20.6141    1.70112
-10010 -10010 -10010
-26.0299  -20.6197    1.69998
-26.0227  -20.6154    1.70148
-26.0268  -20.6214    1.70058
-26.0283  -20.6229    1.70213
-26.0259  -20.6253    1.70185
-26.0206  -20.6275    1.70286
-26.0231  -20.6303    1.69987
-26.0263  -20.6345    1.70129
-26.0224  -20.6375    1.70198
-26.022  -20.6346    1.70094
-26.0247  -20.6374    1.70251
-26.034  -20.6426    1.70326
-26.035  -20.6414    1.69996
-26.0406  -20.643    1.69945
-26.0433  -20.6464    1.69996
-26.0416  -20.6442    1.70042
-26.0372  -20.6529    1.70204
-26.0322  -20.6506    1.70197
-26.0265  -20.6538    1.70244
-26.0314  -20.6604    1.69992
-26.0221  -20.6596    1.70037
-26.0242  -20.6643    1.69879
-26.0191  -20.667    1.6994
-26.0261  -20.6646    1.69932
-26.0334  -20.6681    1.69916
-26.0322  -20.6718    1.6996
-26.0307  -20.6663    1.70055
-26.0293  -20.6703    1.7009
-26.0298  -20.671    1.70167
-26.0303  -20.6738    1.70152
-26.0245  -20.6729    1.70068
-26.0321  -20.6705    1.70002
-26.0283  -20.6634    1.69962
-26.0363  -20.664    1.6991
-26.0356  -20.6644    1.70075
-26.0373  -20.6694    1.70009
-26.0438  -20.6686    1.69837
-26.0402  -20.6655    1.69942
-26.0407  -20.6698    1.6996
-26.0386  -20.6778    1.69887
-26.0277  -20.6567    1.69978
-26.039  -20.6246    1.7
-26.0462  -20.6118    1.69917
-26.0573  -20.5898    1.69974
-26.0609  -20.5625    1.70328
-26.0644  -20.5374    1.70756
-26.0694  -20.5069    1.71416
-26.071  -20.4798    1.72553
-26.0741  -20.4468    1.73832
-26.0845  -20.4108    1.75472
-26.0884  -20.3759    1.77233
-26.11  -20.3324    1.79051
-26.1355  -20.2858    1.8087
-26.1481  -20.2241    1.8223
-26.1513  -20.1582    1.82933
-26.1536  -20.0976    1.83751
-26.1588  -20.034    1.83924
-26.1717  -19.9652    1.84067
-26.18  -19.9046    1.83967
-26.2033  -19.8374    1.84148
-26.2234  -19.7623    1.84014
-26.2458  -19.6889    1.842
-26.2697  -19.5977    1.84088
-26.2966  -19.5079    1.84225
-26.3211  -19.4152    1.84544
-26.3483  -19.3181    1.84237
-26.3727  -19.2238    1.84136
-26.3937  -19.1356    1.84429
-26.4189  -19.0541    1.84682
-26.4314  -18.9861    1.84544
-26.4538  -18.902    1.84743
-26.4855  -18.8042    1.83888
-26.5096  -18.7056    1.81889
-26.5284  -18.6167    1.78706
-26.5274  -18.5276    1.7542
-26.5182  -18.4361    1.71996
-26.5179  -18.3572    1.70465
-26.5208  -18.2965    1.68995
-26.5252  -18.2407    1.68587
-26.54  -18.184    1.68144
-26.5447  -18.1275    1.68163
-26.555  -18.0601    1.67505
-26.5663  -17.992    1.66192
-26.5687  -17.9241    1.63711
-26.57  -17.8582    1.62179
-26.5737  -17.7954    1.61251
-26.5801  -17.7345    1.60622
-26.5916  -17.6767    1.6037
-26.5942  -17.6239    1.60518
-26.6021  -17.5734    1.59722
-26.6063  -17.5535    1.59507
-26.6215  -17.5385    1.59318
-26.6175  -17.5293    1.59591
-26.6091  -17.5255    1.59631
-26.607  -17.5264    1.59583
-26.6115  -17.5208    1.59212
-26.6152  -17.5217    1.59529
-26.6143  -17.5181    1.59374
-26.6166  -17.5183    1.59139
-26.6164  -17.5162    1.59358
-26.6162  -17.5109    1.59457
-26.6156  -17.5083    1.59317
-26.6188  -17.5059    1.5912
-26.6136  -17.5019    1.5951
-26.6213  -17.5048    1.59324
-26.6249  -17.5057    1.59284
-26.6253  -17.5025    1.59189
-26.6224  -17.5025    1.59385
-26.6234  -17.5034    1.59241
-26.6258  -17.5026    1.59252
-26.6251  -17.5005    1.59401
-26.6241  -17.4992    1.59328
-26.6246  -17.4997    1.5936
-10010 -10010 -10010
-26.6231  -17.5006    1.59241
-26.6235  -17.4985    1.59268
-26.6246  -17.4983    1.59185
-26.6248  -17.4952    1.59258
-26.6243  -17.4972    1.59265
-26.6252  -17.4945    1.59103
-26.6284  -17.4904    1.59122
-26.6262  -17.4878    1.59031
-26.6229  -17.4852    1.59049
-26.622  -17.4768    1.5924
-26.6271  -17.477    1.58988
-26.6281  -17.4757    1.5928
-26.6252  -17.4758    1.59391
-26.6232  -17.477    1.59185
-26.6246  -17.4772    1.59288
-26.6263  -17.4701    1.59131
-26.6307  -17.4753    1.59133
-26.6303  -17.4785    1.58998
-26.6304  -17.4805    1.5896
-26.625  -17.4842    1.59494
-26.6245  -17.4811    1.59149
-26.6241  -17.4836    1.5913
-26.625  -17.4824    1.58949
-26.6294  -17.478    1.59106
-26.628  -17.4773    1.59216
-26.6281  -17.4784    1.59214
-26.6256  -17.4778    1.59183
-26.6264  -17.4756    1.59089
-26.6243  -17.478    1.59255
-26.6199  -17.4819    1.59288
-26.6232  -17.4764    1.59104
-26.6248  -17.4782    1.5906
-26.627  -17.4763    1.59265
-26.6333  -17.4794    1.58867
-26.6348  -17.4762    1.59319
-26.6366  -17.4824    1.59031
-26.6377  -17.4783    1.58972
-26.6392  -17.4776    1.59117
-26.633  -17.4782    1.59142
-26.6349  -17.4777    1.59001
-26.6321  -17.4792    1.59201
-26.6304  -17.4784    1.59405
-26.6314  -17.4789    1.59367
-26.6286  -17.4792    1.59564
-26.627  -17.4758    1.59091
-26.6252  -17.475    1.5936
-26.6248  -17.4692    1.59136
-26.6293  -17.4713    1.58986
-26.6279  -17.4701    1.59024
-26.6359  -17.4679    1.59362
-26.634  -17.4712    1.59141
-26.6335  -17.4765    1.59017
-26.6287  -17.4799    1.59269
-26.6284  -17.4806    1.59238
-26.6293  -17.4766    1.58816
-26.6297  -17.4761    1.5914
-26.6335  -17.4705    1.59064
-26.6293  -17.4673    1.58987
-26.6272  -17.4696    1.59184
-26.6256  -17.4693    1.58726
-26.6196  -17.4683    1.5938
-26.621  -17.4711    1.59139
-26.6242  -17.4741    1.59085
-26.6279  -17.475    1.59146
-26.6278  -17.4763    1.58972
-26.6242  -17.4783    1.59137
-26.6267  -17.4647    1.59148
-26.6299  -17.4278    1.59286
-26.6289  -17.3762    1.58491
-26.6307  -17.3082    1.58132
-26.6378  -17.232    1.57771
-26.6421  -17.1511    1.57334
-26.6511  -17.0565    1.56802
-26.6501  -16.9519    1.56327
-26.651  -16.8533    1.55954
-26.6571  -16.7521    1.58665
-26.6551  -16.6472    1.63922
-26.681  -16.558    1.6744
-26.6994  -16.4661    1.68748
-26.7142  -16.3765    1.68667
-26.7281  -16.2884    1.68397
-26.7443  -16.207    1.67184
-26.7506  -16.1292    1.64249
-26.7518  -16.0503    1.5985
-26.7402  -15.9818    1.55158
-26.7373  -15.8902    1.50795
-26.7257  -15.8041    1.48696
-26.717  -15.7194    1.49037
-26.7059  -15.63    1.55285
-26.6994  -15.5426    1.60828
-26.6912  -15.4658    1.61848
-26.7038  -15.3866    1.62036
-26.7071  -15.3158    1.61575
-26.7106  -15.2483    1.61285
-26.7124  -15.1764    1.61974
-26.7147  -15.1002    1.6195
-26.7123  -15.0258    1.62601
-26.7293  -14.9625    1.6329
-26.7348  -14.8887    1.63815
-26.7418  -14.8205    1.63965
-26.745  -14.7551    1.64206
-26.7551  -14.6917    1.64183
-26.7601  -14.6196    1.64186
-26.7682  -14.5394    1.64089
-26.7656  -14.4507    1.6399
-26.7759  -14.3609    1.6458
-26.7746  -14.2522    1.64481
-26.789  -14.1528    1.64247
-26.8092  -14.062    1.64276
-26.8216  -13.9711    1.64469
-26.8221  -13.8869    1.64473
-26.8274  -13.7975    1.64856
-26.8403  -13.7053    1.6614
-26.8525  -13.6155    1.66511
-26.8542  -13.5289    1.66821
-26.8628  -13.431    1.66928
-26.8696  -13.3352    1.66958
-26.8848  -13.2465    1.66683
-26.8903  -13.1479    1.64797
-26.8873  -13.0506    1.61908
-26.88  -12.9494    1.60995
-26.8721  -12.8529    1.60559
-26.8727  -12.7529    1.60313
-26.8733  -12.6449    1.60268
-26.8746  -12.54    1.61215
-26.8953  -12.4553    1.62706
-26.9156  -12.3518    1.62636
-26.922  -12.2569    1.62925
-26.9152  -12.16    1.63932
-26.9091  -12.0695    1.63807
-26.9008  -11.9674    1.64631
-26.9021  -11.8746    1.64318
-26.9104  -11.7889    1.6392
-26.9154  -11.7105    1.64184
-26.9187  -11.628    1.64279
-26.924  -11.5478    1.6452
-26.9319  -11.4564    1.64564
-26.9508  -11.367    1.64568
-26.9552  -11.28    1.64558
-26.9597  -11.1975    1.6429
-26.9641  -11.1142    1.64494
-26.9722  -11.0356    1.64911
-26.9842  -10.9942    1.64268
-26.9762  -10.9965    1.648
-26.9753  -10.9785    1.65208
-26.9754  -10.977    1.65001
-26.9731  -10.9771    1.65156
-26.9667  -10.975    1.65258
-26.9628  -10.9697    1.65779
-26.9676  -10.9699    1.65121
-26.9712  -10.9756    1.65285
-26.9691  -10.977    1.65389
-26.9657  -10.9626    1.64806
-26.9832  -10.9763    1.64614
-26.9818  -10.9808    1.65145
-26.9843  -10.976    1.65316
-10010 -10010 -10010
-26.9824  -10.9835    1.64998
-26.9791  -10.9879    1.65172
-26.9837  -10.9908    1.64986
-26.978  -10.9849    1.65167
-26.9823  -10.982    1.65598
-26.9665  -10.9691    1.65645
-26.9618  -10.9661    1.65305
-26.9609  -10.9735    1.65741
-26.9615  -10.9732    1.65553
-26.9697  -10.9727    1.65177
-26.982  -10.9745    1.6506
-26.981  -10.9731    1.65164
-26.9813  -10.9622    1.65445
-26.9759  -10.9668    1.65412
-26.9679  -10.9699    1.66137
-26.9744  -10.9731    1.65268
-26.9745  -10.9744    1.65051
-26.9719  -10.9723    1.65639
-26.9696  -10.9727    1.65663
-26.9634  -10.9687    1.66141
-26.9596  -10.9602    1.66273
-26.9596  -10.9626    1.65522
-26.958  -10.9609    1.66424
-26.9583  -10.9628    1.65512
-26.9677  -10.968    1.65236
-26.9733  -10.9668    1.64918
-26.9745  -10.9694    1.65084
-26.976  -10.9688    1.64887
-26.9796  -10.9689    1.65078
-26.9758  -10.958    1.65563
-26.9786  -10.9592    1.65314
-26.9737  -10.9672    1.65251
-26.9759  -10.9557    1.65366
-26.9697  -10.936    1.65403
-26.9744  -10.9376    1.65238
-26.9706  -10.9417    1.65294
-26.969  -10.9439    1.65186
-26.9742  -10.9494    1.65435
-26.9734  -10.9437    1.64984
-26.9781  -10.9463    1.65
-26.9743  -10.9457    1.65149
-26.9744  -10.9479    1.64902
-26.9878  -10.9568    1.64983
-26.9846  -10.9546    1.65295
-26.9763  -10.9569    1.65502
-26.9741  -10.97    1.65554
-26.972  -10.9665    1.65774
-26.9584  -10.9662    1.66139
-26.96  -10.9643    1.65668
-26.9708  -10.9623    1.65287
-26.9761  -10.9658    1.65142
-26.9744  -10.9572    1.65576
-26.9604  -10.939    1.65963
-26.9629  -10.941    1.65218
-26.9635  -10.9424    1.65831
-26.9709  -10.9561    1.65196
-26.9727  -10.9693    1.64999
-26.9728  -10.9636    1.65497
-26.9646  -10.949    1.65436
-26.961  -10.9455    1.66104
-26.9575  -10.9626    1.66152
-26.9591  -10.9629    1.66042
-26.9625  -10.9704    1.65246
-26.9573  -10.9745    1.65803
-26.9741  -10.9647    1.65089
-26.979  -10.9667    1.65047
-26.9685  -10.962    1.65719
-26.9724  -10.9593    1.66093
-26.9738  -10.9558    1.65449
-26.9683  -10.9509    1.65635
-26.9591  -10.9335    1.65545
-26.9571  -10.9256    1.65665
-26.9677  -10.9342    1.65103
-26.9711  -10.9329    1.65397
-26.9691  -10.9521    1.65927
-26.9683  -10.9672    1.65376
-26.9677  -10.9588    1.6602
-26.9556  -10.9491    1.65876
-26.9588  -10.9658    1.6629
-26.9586  -10.9722    1.6577
-26.9701  -10.9748    1.66156
-26.9625  -10.9645    1.65876
-26.9692  -10.9683    1.65157
-26.9713  -10.9681    1.65261
-26.9676  -10.9701    1.65479
-26.9681  -10.9695    1.65324
-26.9655  -10.9682    1.65939
-26.9642  -10.9722    1.65427
-26.9732  -10.9715    1.65232
-26.9773  -10.9708    1.6514
-26.9776  -10.9665    1.65433
-26.9741  -10.9664    1.65954
-26.9638  -10.9764    1.65566
-26.9552  -10.9733    1.66043
-26.9575  -10.9751    1.65573
-26.952  -10.9743    1.65985
-26.9649  -10.9765    1.65408
-26.9634  -10.9698    1.65555
-26.9614  -10.9705    1.65759
-26.9625  -10.9671    1.65345
-26.9653  -10.9704    1.65529
-26.9676  -10.9648    1.65481
-26.9708  -10.9677    1.65336
-26.9679  -10.9585    1.65646
-26.9645  -10.936    1.65682
-26.9636  -10.9059    1.66162
-26.9614  -10.8634    1.65733
-26.9738  -10.8018    1.65018
-26.9856  -10.7171    1.64949
-26.9963  -10.6472    1.65267
-27.0002  -10.5414    1.65855
-27.0065  -10.4367    1.65456
-27.0124  -10.3382    1.66
-27.0186  -10.2297    1.65763
-27.0139  -10.1259    1.65954
-27.0261  -10.0313    1.65733
-27.039  -9.93189    1.65895
-27.0494  -9.82987    1.65995
-27.0553  -9.72942    1.66184
-27.0684  -9.62748    1.66044
-27.0733  -9.52679    1.66008
-27.091  -9.43196    1.65548
-27.0955  -9.33362    1.66008
-27.1051  -9.22837    1.658
-27.1039  -9.12787    1.66167
-27.1119  -9.03047    1.64819
-27.1032  -8.93217    1.61174
-27.091  -8.82739    1.56565
-27.0755  -8.72124    1.53528
-27.0614  -8.61344    1.51379
-27.058  -8.50853    1.50984
-27.0613  -8.40674    1.53423
-27.0686  -8.30416    1.5908
-27.0894  -8.20623    1.63473
-27.1327  -8.10085    1.64527
-27.1488  -8.00686    1.64664
-27.1304  -7.89558    1.65175
-27.1241  -7.79954    1.65583
-27.1249  -7.70069    1.65132
-27.1183  -7.58711    1.65803
-27.128  -7.4886    1.65884
-27.1424  -7.37991    1.65755
-27.1447  -7.28064    1.65815
-27.1567  -7.17747    1.65827
-27.1673  -7.07636    1.65578
-27.1804  -6.96973    1.65482
-27.1913  -6.86467    1.65761
-27.1969  -6.75309    1.65873
-27.2068  -6.62992    1.65935
-27.2165  -6.52129    1.65807
-27.2303  -6.40418    1.65595
-27.226  -6.30511    1.65801
-27.2273  -6.20236    1.65826
-27.2566  -6.09468    1.65215
-27.2639  -6.00195    1.65545
-27.2644  -5.90655    1.65796
-27.2626  -5.81163    1.65567
-27.2709  -5.70779    1.63805
-27.2347  -5.61616    1.63027
-27.2358  -5.50398    1.62243
-27.2445  -5.39896    1.6191
-27.2745  -5.28869    1.61715
-27.2799  -5.18839    1.61075
-27.2858  -5.09214    1.61958
-27.2958  -4.99951    1.62041
-27.3174  -4.903    1.62254
-27.3333  -4.81282    1.62633
-27.3389  -4.72127    1.62882
-27.3569  -4.63431    1.6307
-27.3606  -4.54942    1.63054
-27.3606  -4.46632    1.63311
-27.3576  -4.39622    1.63595
-27.3615  -4.33446    1.63679
-27.3566  -4.35136    1.63638
-27.3527  -4.34576    1.63614
-27.3556  -4.33098    1.63761
-27.3487  -4.30889    1.63826
-27.349  -4.28817    1.63937
-27.3519  -4.28007    1.63817
-27.3558  -4.28312    1.63827
-27.3599  -4.28291    1.63889
-27.3566  -4.28161    1.63861
-27.3481  -4.27556    1.63866
-27.358  -4.27626    1.63863
-27.3613  -4.27447    1.63949
-27.3627  -4.27268    1.64
-27.3654  -4.27197    1.63985
-27.3664  -4.27126    1.63946
-27.3653  -4.27092    1.63777
-27.3627  -4.27097    1.63808
-27.3651  -4.2666    1.63824
-27.3623  -4.27054    1.6387
-27.368  -4.27002    1.63791
-27.3645  -4.27423    1.639
-27.3587  -4.26973    1.63956
-27.3592  -4.26361    1.63926
-10010 -10010 -10010
-27.3552  -4.26856    1.63977
-27.353  -4.26435    1.63948
-27.3533  -4.26943    1.63919
-27.3616  -4.27242    1.63938
-27.3636  -4.27604    1.63923
-27.365  -4.27299    1.63869
-27.3627  -4.2767    1.63807
-27.3648  -4.27354    1.63879
-27.3596  -4.27518    1.63818
-27.3578  -4.2772    1.63844
-27.3636  -4.26913    1.63893
-27.356  -4.26925    1.63913
-27.3552  -4.2682    1.63996
-27.3565  -4.26433    1.64034
-27.3524  -4.25787    1.63976
-27.3531  -4.2603    1.6393
-27.3555  -4.26121    1.63906
-27.3581  -4.26165    1.63962
-27.3667  -4.25743    1.63818
-27.3662  -4.26122    1.63963
-27.3624  -4.26133    1.63883
-27.3633  -4.2632    1.63821
-27.3642  -4.27023    1.63778
-27.3544  -4.26693    1.63908
-27.3538  -4.26532    1.64016
-27.3485  -4.26681    1.63916
-27.3547  -4.26625    1.63929
-27.3557  -4.27241    1.6393
-27.3548  -4.27144    1.64053
-27.361  -4.27435    1.63727
-27.3458  -4.28041    1.54265
-27.3362  -4.28463    1.44345
-27.3361  -4.27751    1.36254
-27.3324  -4.28286    1.27194
-27.3226  -4.28164    1.18872
-27.3216  -4.28304    1.1213
-27.3173  -4.29902    1.05242
-27.312  -4.30751    0.973845
-27.284  -4.32666    0.909557
-27.2645  -4.34071    0.828865
-27.2204  -4.36275    0.764634
-27.1753  -4.37947    0.690687
-27.1578  -4.39434    0.667415
-27.1466  -4.3983    0.686761
-27.146  -4.40052    0.689995
-27.133  -4.39692    0.681692
-27.1225  -4.39261    0.672145
-27.1159  -4.38543    0.661353
-27.1213  -4.38446    0.652572
-27.1327  -4.38469    0.647747
-27.1356  -4.39141    0.646165
-27.1461  -4.39325    0.64604
-27.1437  -4.39702    0.646651
-27.1422  -4.39443    0.645451
-27.1467  -4.39519    0.645782
-27.1393  -4.4006    0.646257
-27.1427  -4.40199    0.645882
-27.1498  -4.40011    0.646849
-27.1493  -4.39781    0.647072
-27.1509  -4.39954    0.647865
-27.1441  -4.39594    0.646515
-27.144  -4.39063    0.646395
-27.142  -4.3962    0.645965
-27.1346  -4.399    0.646293
-27.1223  -4.38906    0.645877
-27.1202  -4.36935    0.6421
-27.0974  -4.35388    0.639929
-27.0649  -4.32376    0.637659
-27.0247  -4.30599    0.634718
-26.9873  -4.2832    0.634315
-26.9384  -4.25021    0.647247
-26.8929  -4.20523    0.681244
-26.8584  -4.17385    0.70693
-26.8374  -4.15516    0.718574
-26.8087  -4.12607    0.72978
-26.7754  -4.08942    0.732566
-26.7324  -4.0431    0.734822
-26.6849  -4.00676    0.734684
-26.6333  -3.96607    0.736783
-26.5771  -3.90995    0.735879
-26.5123  -3.8587    0.736071
-26.4478  -3.80435    0.735592
-26.3865  -3.75924    0.734601
-26.3183  -3.71436    0.725651
-26.2455  -3.67514    0.700098
-26.1786  -3.62536    0.649222
-26.1129  -3.59036    0.601806
-26.0347  -3.5614    0.545016
-25.9574  -3.5431    0.495049
-25.88  -3.49674    0.444498
-25.7971  -3.45264    0.403946
-25.7241  -3.43411    0.386264
-25.6544  -3.40157    0.37697
-25.5688  -3.35064    0.359517
-25.4749  -3.30848    0.324217
-25.3791  -3.29176    0.283425
-25.2744  -3.29609    0.243536
-25.1877  -3.27986    0.204213
-25.1118  -3.27404    0.174348
-25.0269  -3.27779    0.165287
-24.9341  -3.26398    0.153632
-24.8499  -3.23262    0.142175
-24.7538  -3.21256    0.132503
-24.6499  -3.18873    0.122739
-24.5549  -3.18181    0.117513
-24.4499  -3.17472    0.113988
-24.3584  -3.16487    0.107642
-24.2617  -3.15483    0.103347
-24.161  -3.14688    0.0977446
-24.0686  -3.15117    0.0886269
-23.9751  -3.15333    0.0625756
-23.8822  -3.14904    0.0489977
-23.7753  -3.1461    0.0392233
-23.6792  -3.1403    0.0322219
-23.5817  -3.13439    0.0268498
-23.486  -3.1372    0.0219084
-23.3896  -3.14272    0.0187532
-23.3044  -3.14893    0.0133456
-23.211  -3.14822    0.00960479
-23.114  -3.14911    0.00566159
-23.0252  -3.15863    0.00151845
-22.9275  -3.16649    -0.00334364
-22.8357  -3.17466    -0.00537515
-22.7252  -3.18009    -0.0068556
-22.6357  -3.17739    -0.00452321
-22.5374  -3.17355    -0.00656242
-22.4338  -3.17933    -0.00588156
-22.334  -3.18417    -0.00532238
-22.2255  -3.1877    0.00348603
-22.1088  -3.17984    0.0342377
-22.0014  -3.16515    0.051843
-21.913  -3.15762    0.0545568
-21.8271  -3.15782    0.0580142
-21.7313  -3.15979    0.0581086
-21.6341  -3.15732    0.059686
-21.5492  -3.15018    0.0617896
-21.4421  -3.14635    0.0631574
-21.3386  -3.14056    0.0629667
-21.2444  -3.13737    0.0627049
-21.1403  -3.12468    0.0761814
-21.0675  -3.0873    0.0844519
-20.9795  -3.0562    0.0850744
-20.8883  -3.04903    0.0878462
-20.7922  -3.04147    0.0900776
-20.6936  -3.03173    0.0901438
-20.5669  -3.02978    0.0912269
-20.4637  -3.01709    0.0916188
-20.3686  -3.0137    0.0904641
-20.2745  -3.00329    0.0912329
-20.1808  -2.99025    0.091182
-20.0741  -2.97105    0.0929966
-19.9861  -2.96101    0.094488
-19.8829  -2.9611    0.0958753
-19.7591  -2.95562    0.109763
-19.6478  -2.93388    0.149726
-19.5565  -2.88135    0.178949
-19.4897  -2.85079    0.191566
-19.3794  -2.84561    0.194401
-19.2768  -2.84318    0.198786
-19.1931  -2.84266    0.207299
-19.0729  -2.83841    0.217716
-18.9619  -2.81078    0.230932
-18.8705  -2.77332    0.248806
-18.7809  -2.73369    0.265994
-18.7144  -2.69675    0.267165
-18.6068  -2.66502    0.273201
-18.5049  -2.64494    0.27717
-18.4027  -2.62717    0.280151
-18.3046  -2.61176    0.281039
-18.2193  -2.58879    0.281611
-18.1163  -2.55991    0.283675
-18.0114  -2.53628    0.28395
-17.9168  -2.51056    0.285625
-17.832  -2.48524    0.29329
-17.7371  -2.45559    0.301549
-17.6476  -2.42678    0.311782
-17.5771  -2.39448    0.321676
-17.4712  -2.35728    0.325469
-17.369  -2.33147    0.331238
-17.2691  -2.35059    0.334546
-17.1827  -2.33649    0.337384
-17.0883  -2.32166    0.327765
-16.999  -2.31093    0.314758
-16.8943  -2.31613    0.308812
-16.7831  -2.28537    0.301987
-16.6754  -2.2665    0.297364
-16.5881  -2.21946    0.289979
-16.4958  -2.18489    0.2855
-16.4228  -2.13477    0.267006
-16.3204  -2.13605    0.247536
-16.2075  -2.15046    0.238928
-16.1214  -2.15259    0.23239
-16.0197  -2.11031    0.224528
-15.9263  -2.07909    0.217835
-15.8114  -2.05173    0.212654
-15.7127  -2.03789    0.208702
-15.6213  -2.03816    0.206174
-15.5237  -2.00338    0.203372
-15.4235  -1.98355    0.198411
-15.3109  -1.95787    0.193541
-15.2123  -1.92888    0.189941
-15.1113  -1.90647    0.186456
-15.0178  -1.89993    0.182357
-14.9197  -1.86794    0.176864
-14.8278  -1.84888    0.169022
-14.7332  -1.83648    0.163895
-14.6347  -1.82929    0.159613
-14.5298  -1.81949    0.158047
-14.424  -1.79884    0.153054
-14.3359  -1.78591    0.14806
-14.243  -1.78774    0.144631
-14.1517  -1.77197    0.14115
-14.0536  -1.74054    0.136071
-13.9397  -1.7192    0.133475
-13.8447  -1.7024    0.129493
-13.7443  -1.68245    0.124789
-13.6409  -1.66634    0.120502
-13.541  -1.64946    0.121369
-13.4536  -1.6282    0.124237
-13.3573  -1.60941    0.129655
-13.2572  -1.5946    0.139061
-13.1643  -1.56547    0.14454
-13.0571  -1.54217    0.150311
-12.9673  -1.54609    0.152502
-12.8725  -1.54032    0.153413
-12.7545  -1.52423    0.157362
-12.6593  -1.51798    0.158929
-12.5517  -1.50141    0.160046
-12.4386  -1.48126    0.159732
-12.3391  -1.46202    0.160707
-12.2419  -1.43818    0.160474
-12.141  -1.42348    0.161579
-12.0437  -1.41859    0.164131
-11.9458  -1.40032    0.166576
-11.8491  -1.37864    0.167308
-11.7516  -1.36435    0.166779
-11.6483  -1.34704    0.16866
-11.5565  -1.32646    0.168134
-11.4564  -1.3073    0.167515
-11.3665  -1.29052    0.167996
-11.2667  -1.2727    0.167519
-11.1725  -1.27212    0.154351
-11.0595  -1.28861    0.116119
-10.9687  -1.28193    0.0649211
-10.8859  -1.2924    0.023225
-10.7379  -1.27418    -0.0026174
-10.6328  -1.27077    -0.0136538
-10.5218  -1.25733    -0.0140103
-10.4126  -1.23478    0.00175325
-10.3224  -1.20114    0.00317858
-10.2225  -1.18791    0.00211994
-10.1251  -1.19899    0.00273869
-10.0269  -1.19664    0.00403291
-9.92697  -1.20456    0.0041258
-9.833  -1.20473    0.00599915
-9.72567  -1.20404    0.0216968
-9.63107  -1.19459    0.0325873
-9.53977  -1.19458    0.0348521
-9.45572  -1.20651    0.0371184
-9.35413  -1.22107    0.0395543
-9.2314  -1.22155    0.0461341
-9.12394  -1.20306    0.0630902
-9.02124  -1.15963    0.0824663
-8.94889  -1.1502    0.0935407
-8.86598  -1.15325    0.0974106
-8.77154  -1.16653    0.101138
-8.65961  -1.17818    0.104031
-8.56518  -1.18762    0.10676
-8.45393  -1.19168    0.108906
-8.34244  -1.19013    0.111714
-8.25083  -1.18683    0.12404
-8.14609  -1.15843    0.135474
-8.05639  -1.1377    0.140209
-7.9607  -1.11912    0.143221
-7.8621  -1.1119    0.145091
-7.7676  -1.10964    0.146124
-7.67292  -1.10416    0.146782
-7.5778  -1.09298    0.147708
-7.45636  -1.07837    0.149388
-7.35357  -1.06667    0.149201
-7.26969  -1.04943    0.148924
-7.16725  -1.03423    0.149506
-7.06951  -1.01714    0.150166
-6.97235  -1.01353    0.151464
-6.87049  -0.995981    0.151623
-6.76292  -0.983491    0.152036
-6.66374  -0.964108    0.152469
-6.57311  -0.952979    0.153536
-6.47661  -0.942516    0.152408
-6.37877  -0.927223    0.153022
-6.2812  -0.914622    0.153511
-6.17141  -0.896934    0.153938
-6.07446  -0.875311    0.14576
-5.97203  -0.876086    0.135649
-5.86727  -0.903998    0.130994
-5.75357  -0.882371    0.131446
-5.67143  -0.856078    0.129473
-5.58109  -0.841948    0.129142
-5.47619  -0.823068    0.126948
-5.37587  -0.805242    0.126433
-5.28244  -0.789956    0.125326
-5.1717  -0.775164    0.123725
-5.08088  -0.757774    0.122028
-4.98362  -0.745951    0.121984
-4.88735  -0.732786    0.120907
-4.7853  -0.718009    0.120769
-4.68667  -0.710466    0.120958
-4.58776  -0.698847    0.120868
-4.48123  -0.697133    0.128892
-4.39596  -0.68282    0.139905
-4.31294  -0.654186    0.145197
-4.19632  -0.662499    0.149418
-4.09295  -0.652967    0.152008
-3.98713  -0.649734    0.154123
-3.89148  -0.632277    0.154011
-3.79093  -0.59933    0.152578
-3.67894  -0.592118    0.155678
-3.58368  -0.570014    0.154233
-3.4894  -0.557797    0.146153
-3.39962  -0.562945    0.125009
-3.28772  -0.584777    0.107656
-3.18257  -0.567412    0.0978135
-3.09096  -0.545888    0.0892245
-2.98545  -0.523226    0.0834876
-2.87512  -0.507079    0.0834345
-2.76989  -0.486861    0.112956
-2.69371  -0.42834    0.149426
-2.61725  -0.338093    0.165939
-2.50271  -0.329567    0.171223
-2.37733  -0.344866    0.176299
-2.27866  -0.360397    0.177067
-2.18434  -0.382345    0.154126
-2.07791  -0.393376    0.10677
-1.96468  -0.43356    0.0434197
-1.90387  -0.461849    -0.00645105
-1.80581  -0.480363    -0.035814
-1.72252  -0.47245    -0.0498825
-1.64364  -0.447983    -0.0587486
-1.55588  -0.427684    -0.0338897
-1.47532  -0.395898    0.0313836
-1.3544  -0.348527    0.0613651
-1.30399  -0.315105    0.0599755
-1.20874  -0.320848    0.0618611
-1.11234  -0.344409    0.0657468
-1.0306  -0.355158    0.0674887
-0.960953  -0.353612    0.0679709
-0.870812  -0.351375    0.0682632
-0.785218  -0.347949    0.0694067
-0.68642  -0.323737    0.0957539
-0.59371  -0.276613    0.130056
-0.557564  -0.241821    0.1402
-0.473248  -0.249321    0.145099
-0.384477  -0.282928    0.142092
-0.306395  -0.321428    0.124133
-0.213704  -0.362289    0.101895
-0.12573  -0.361992    0.0870169
-0.0904064  -0.347193    0.078167
-0.0796779  -0.331933    0.0705304
-0.0527651  -0.322085    0.0653687
-0.0566656  -0.31723    0.0651253
-0.0602711  -0.317519    0.0646942
-0.0569736  -0.314123    0.0646095
-0.0574281  -0.313293    0.0640995
-0.0540057  -0.309462    0.0627763
-0.049135  -0.309372    0.0622135
-0.0510279  -0.307685    0.0616327
-0.0492898  -0.300487    0.061214
-0.0464478  -0.307379    0.0619473
-0.049357  -0.30552    0.0613521
-0.0371304  -0.309915    0.0628306
-0.0419076  -0.308711    0.0622548
-0.0413971  -0.305966    0.0619251
-0.0485459  -0.307645    0.0614167
-0.0452653  -0.304547    0.0606198
-0.0502679  -0.307623    0.0617163
-0.0467594  -0.310622    0.0627489
-0.0434231  -0.308965    0.0613341
-0.049557  -0.309959    0.0633505
-0.047842  -0.310955    0.0632656
-0.0450665  -0.306853    0.0627973
-0.0453892  -0.309997    0.0629242
-0.0424482  -0.313521    0.0613988
-0.0406254  -0.309068    0.0603048
-0.0258702  -0.308917    0.0596909
-0.0183199  -0.313795    0.061031
0.00179784  -0.317223    0.0596761
-0.00858772  -0.310367    0.0578919
-0.00902158  -0.312184    0.0583577
-0.0177764  -0.303995    0.056314
-0.0190127  -0.309618    0.0569593
-0.0125402  -0.304434    0.055672
-0.000350882  -0.304118    0.055769
0.0100624  -0.309775    0.0567032
-0.000481002  -0.311154    0.0581358
0.00195328  -0.3115    0.0573867
0.00614989  -0.313891    0.0575698
0.00864097  -0.315965    0.0572836
0.0122729  -0.30496    0.0560296
0.0186191  -0.305118    0.0551284
0.0158708  -0.3105    0.0566377
0.0062491  -0.306305    0.0572123
-0.000134085  -0.30259    0.0570994
-0.00314422  -0.299431    0.0562299
0.000193948  -0.299911    0.0559274
-8.96017e-05  -0.298474    0.0556466
-0.00679353  -0.295016    0.0555306
0.000879964  -0.305225    0.0570043
0.00719151  -0.298686    0.0566492
-0.00146399  -0.300328    0.0567216
-0.00533813  -0.299805    0.0550126
-0.00273007  -0.300343    0.055521
-0.00746611  -0.297674    0.0554538
-0.00423508  -0.298541    0.0555868
6.16993e-05  -0.29445    0.055812
6.69577e-05  -0.299566    0.0561808
0.000920826  -0.291628    0.0537931
0.00195729  -0.294294    0.0555862
-0.00204221  -0.290182    0.0532975
-0.00280978  -0.291518    0.0540531
-0.00572531  -0.292289    0.0543083
-0.00599204  -0.290906    0.0560092
0.00155296  -0.296376    0.0564609
-0.000664819  -0.297225    0.0561266
-0.000826223  -0.298948    0.0557975
0.00237575  -0.295581    0.056654
0.0037626  -0.298419    0.0561419
0.00304159  -0.294853    0.0552229
-0.00207607  -0.29639    0.0558278
-0.00217459  -0.297364    0.0557529
-0.00737923  -0.294987    0.0560035
-0.0102284  -0.289787    0.0543241
-0.0060201  -0.292267    0.0544995
-0.00350453  -0.29236    0.0543442
-0.00141909  -0.294279    0.0554987
-0.00195745  -0.297049    0.0561805
0.00683371  -0.299588    0.05665
0.00794199  -0.301598    0.0549563
0.00429027  -0.302116    0.0556794
-0.00186994  -0.297279    0.0553643
-0.000835324  -0.294634    0.0556068
-0.00217893  -0.296934    0.0556281
0.00352294  -0.296923    0.0563832
-0.00457548  -0.293122    0.0548971
-0.00442793  -0.29136    0.0554224
-0.00474304  -0.292654    0.0551445
0.0028976  -0.294618    0.0555981
0.000136494  -0.292734    0.056163
0.00935792  -0.30346    0.0572634
0.00882663  -0.306016    0.0558649
-0.00074612  -0.302126    0.0558058
-10010 -10010 -10010