0.046903  -0.284248    0.0727863   1.70625e+09
0.0564315  -0.284576    0.0725695   1.70625e+09
0.0828848  -0.283866    0.0727083   1.70625e+09
0.124835  -0.282855    0.0719945   1.70625e+09
0.167576  -0.277189    0.0717329   1.70625e+09
0.215279  -0.274911    0.0707265   1.70625e+09
0.256112  -0.274632    0.0709644   1.70625e+09
0.301558  -0.270337    0.0704826   1.70625e+09
0.345191  -0.265669    0.0710328   1.70625e+09
0.395119  -0.260887    0.0698172   1.70625e+09
0.436076  -0.265803    0.0680915   1.70625e+09
0.481016  -0.266363    0.0682295   1.70625e+09
0.518638  -0.26725    0.0680162   1.70625e+09
0.565765  -0.263099    0.070291   1.70625e+09
0.606908  -0.257765    0.0700246   1.70625e+09
0.663477  -0.254892    0.0700478   1.70625e+09
0.714049  -0.251305    0.0697677   1.70625e+09
0.760268  -0.25339    0.06737   1.70625e+09
0.815264  -0.245303    0.0674004   1.70625e+09
0.871869  -0.245851    0.066443   1.70625e+09
0.920023  -0.241509    0.0668563   1.70625e+09
0.980101  -0.23882    0.0665023   1.70625e+09
1.04372  -0.234191    0.0664255   1.70625e+09
1.11196  -0.231267    0.0657089   1.70625e+09
1.18397  -0.225306    0.0653433   1.70625e+09
1.25418  -0.220165    0.0655215   1.70625e+09
1.33559  -0.218578    0.0644776   1.70625e+09
1.41239  -0.217224    0.0629194   1.70625e+09
1.47869  -0.210347    0.0641565   1.70625e+09
1.55364  -0.206338    0.0651054   1.70625e+09
1.62926  -0.192606    0.0633426   1.70625e+09
1.70796  -0.187827    0.0580304   1.70625e+09
1.79176  -0.183232    0.0368146   1.70625e+09
1.87343  -0.186461    -0.00423554   1.70625e+09
1.95704  -0.194867    -0.0712963   1.70625e+09
2.03857  -0.210376    -0.143656   1.70625e+09
2.1122  -0.2389    -0.199414   1.70625e+09
2.18274  -0.253661    -0.237743   1.70625e+09
2.23895  -0.261408    -0.264071   1.70625e+09
2.29385  -0.271113    -0.277676   1.70625e+09
2.35302  -0.291579    -0.288275   1.70625e+09
2.41774  -0.317659    -0.297749   1.70625e+09
2.49294  -0.344242    -0.302017   1.70625e+09
2.56453  -0.370412    -0.306409   1.70625e+09
2.63614  -0.394547    -0.308442   1.70625e+09
2.70445  -0.423058    -0.311834   1.70625e+09
2.77359  -0.452694    -0.315094   1.70625e+09
2.84996  -0.477651    -0.319734   1.70625e+09
2.92916  -0.502728    -0.324197   1.70625e+09
2.99676  -0.532354    -0.326116   1.70625e+09
3.06184  -0.562865    -0.329682   1.70625e+09
3.13127  -0.592237    -0.330865   1.70625e+09
3.20425  -0.610734    -0.32319   1.70625e+09
3.26304  -0.628564    -0.306494   1.70625e+09
3.33445  -0.641365    -0.250912   1.70625e+09
3.41179  -0.65744    -0.157069   1.70625e+09
3.48419  -0.663015    -0.061197   1.70625e+09
3.55983  -0.658818    -0.000921012   1.70625e+09
3.61443  -0.669305    0.00850809   1.70625e+09
3.68681  -0.664641    0.01594   1.70625e+09
3.7773  -0.667276    0.0352016   1.70625e+09
3.88082  -0.661799    0.102418   1.70625e+09
3.95603  -0.650241    0.201441   1.70625e+09
4.03963  -0.626654    0.298995   1.70625e+09
4.10494  -0.58288    0.351042   1.70625e+09
4.15618  -0.55975    0.356732   1.70625e+09
4.22046  -0.53659    0.364285   1.70625e+09
4.29956  -0.507774    0.371752   1.70625e+09
4.37743  -0.475947    0.377254   1.70625e+09
4.44856  -0.447151    0.379775   1.70625e+09
4.52024  -0.419046    0.380687   1.70625e+09
4.58533  -0.394191    0.381859   1.70625e+09
4.65655  -0.365784    0.381874   1.70625e+09
4.728  -0.330012    0.380679   1.70625e+09
4.79999  -0.302038    0.380806   1.70625e+09
4.86843  -0.275352    0.382239   1.70625e+09
4.93582  -0.245847    0.380739   1.70625e+09
5.01531  -0.215337    0.381237   1.70625e+09
5.08386  -0.19168    0.379936   1.70625e+09
5.15436  -0.160114    0.37863   1.70625e+09
5.22053  -0.131581    0.378632   1.70625e+09
5.29508  -0.103572    0.37907   1.70625e+09
5.36019  -0.0748776    0.37759   1.70625e+09
5.43492  -0.0479028    0.379383   1.70625e+09
5.50207  -0.0219206    0.378505   1.70625e+09
5.57516  0.00855885    0.377218   1.70625e+09
5.65306  0.0312699    0.376271   1.70625e+09
5.72052  0.0541249    0.377305   1.70625e+09
5.78971  0.0766832    0.376804   1.70625e+09
5.85649  0.108496    0.377154   1.70625e+09
5.92882  0.131703    0.377021   1.70625e+09
6.00655  0.162547    0.376025   1.70625e+09
6.07986  0.190354    0.376097   1.70625e+09
6.14766  0.221519    0.376791   1.70625e+09
6.21942  0.242448    0.376603   1.70625e+09
6.28814  0.265312    0.375477   1.70625e+09
6.35137  0.297164    0.3622   1.70625e+09
6.4158  0.323536    0.332253   1.70625e+09
6.49265  0.352719    0.268847   1.70625e+09
6.56975  0.373854    0.165873   1.70625e+09
6.64136  0.385186    0.0488088   1.70625e+09
6.71523  0.391319    -0.0558505   1.70625e+09
6.7687  0.384758    -0.15196   1.70625e+09
6.84027  0.359109    -0.213191   1.70625e+09
6.92774  0.315028    -0.253407   1.70625e+09
6.99013  0.283178    -0.276108   1.70625e+09
7.06479  0.257332    -0.285033   1.70625e+09
7.12881  0.239024    -0.298726   1.70625e+09
7.19142  0.201585    -0.309973   1.70625e+09
7.25676  0.156697    -0.317478   1.70625e+09
7.32799  0.10358    -0.324241   1.70625e+09
7.39265  0.0636452    -0.32741   1.70625e+09
7.47071  0.0231531    -0.330898   1.70625e+09
7.54641  -0.0175131    -0.334046   1.70625e+09
7.6173  -0.0549513    -0.33758   1.70625e+09
7.68495  -0.0872294    -0.340453   1.70625e+09
7.76119  -0.11435    -0.344176   1.70625e+09
7.83015  -0.139551    -0.346726   1.70625e+09
7.89836  -0.165763    -0.350414   1.70625e+09
7.96923  -0.1913    -0.354445   1.70625e+09
8.03252  -0.215428    -0.352806   1.70625e+09
8.10186  -0.237862    -0.349652   1.70625e+09
8.16918  -0.275664    -0.345387   1.70625e+09
8.24654  -0.302608    -0.339134   1.70625e+09
8.31536  -0.323492    -0.333586   1.70625e+09
8.3881  -0.345452    -0.327135   1.70625e+09
8.46214  -0.367582    -0.319958   1.70625e+09
8.53991  -0.390596    -0.310611   1.70625e+09
8.61  -0.406062    -0.302693   1.70625e+09
8.67869  -0.424049    -0.292698   1.70625e+09
8.74377  -0.448611    -0.285099   1.70625e+09
8.82024  -0.476682    -0.277164   1.70625e+09
8.89664  -0.496937    -0.267387   1.70625e+09
8.96997  -0.510754    -0.256124   1.70625e+09
9.04571  -0.525789    -0.245355   1.70625e+09
9.11465  -0.540577    -0.232964   1.70625e+09
9.18192  -0.551169    -0.220831   1.70625e+09
9.25582  -0.567067    -0.208847   1.70625e+09
9.33564  -0.581358    -0.19412   1.70625e+09
9.41911  -0.596774    -0.17915   1.70625e+09
9.48224  -0.60655    -0.165849   1.70625e+09
9.55882  -0.617936    -0.155109   1.70625e+09
9.62149  -0.620854    -0.150161   1.70625e+09
9.70726  -0.629609    -0.145378   1.70625e+09
9.78279  -0.635863    -0.143928   1.70625e+09
9.86053  -0.648431    -0.142358   1.70625e+09
9.93563  -0.64975    -0.140001   1.70625e+09
10.0163  -0.663431    -0.127504   1.70625e+09
10.0955  -0.676269    -0.114444   1.70625e+09
10.172  -0.681752    -0.0996681   1.70625e+09
10.242  -0.693041    -0.0828693   1.70625e+09
10.3094  -0.696296    -0.0654313   1.70625e+09
10.3872  -0.701201    -0.0486659   1.70625e+09
10.4667  -0.705179    -0.0311224   1.70625e+09
10.5481  -0.702852    -0.0139502   1.70625e+09
10.6209  -0.699983    0.00213292   1.70625e+09
10.6977  -0.697439    0.0198037   1.70625e+09
10.7662  -0.694198    0.035532   1.70625e+09
10.838  -0.687766    0.0488989   1.70625e+09
10.9145  -0.681646    0.0615574   1.70625e+09
10.9911  -0.670578    0.0700281   1.70625e+09
11.0608  -0.665975    0.0728842   1.70625e+09
11.1375  -0.664715    0.0765567   1.70625e+09
11.2166  -0.657864    0.0784765   1.70625e+09
11.2975  -0.652079    0.0800288   1.70625e+09
11.3811  -0.635129    0.0813166   1.70625e+09
11.4541  -0.626356    0.0808404   1.70625e+09
11.5332  -0.623038    0.0828226   1.70625e+09
11.6134  -0.622113    0.0836929   1.70625e+09
11.6877  -0.620588    0.0827247   1.70625e+09
11.7562  -0.611688    0.0822105   1.70625e+09
11.8378  -0.610586    0.0846093   1.70625e+09
11.9189  -0.59941    0.084814   1.70625e+09
11.989  -0.593438    0.0850575   1.70625e+09
12.0668  -0.586094    0.0862655   1.70625e+09
12.1394  -0.582402    0.0868247   1.70625e+09
12.2161  -0.578145    0.0868099   1.70625e+09
12.2877  -0.564079    0.0869134   1.70625e+09
12.3623  -0.551947    0.0873454   1.70625e+09
12.435  -0.548465    0.087533   1.70625e+09
12.5136  -0.541333    0.0883655   1.70625e+09
12.5885  -0.532457    0.08919   1.70625e+09
12.6679  -0.52194    0.0882041   1.70625e+09
12.7482  -0.531904    0.0874207   1.70625e+09
12.8198  -0.528395    0.0886099   1.70625e+09
12.8964  -0.524789    0.0884983   1.70625e+09
12.968  -0.51931    0.0883847   1.70625e+09
13.0432  -0.511257    0.088673   1.70625e+09
13.117  -0.502851    0.0876964   1.70625e+09
13.1891  -0.496944    0.0883597   1.70625e+09
13.2598  -0.488764    0.0879816   1.70625e+09
13.3373  -0.481352    0.0882531   1.70625e+09
13.4085  -0.477108    0.0897541   1.70625e+09
13.4817  -0.471813    0.0894763   1.70625e+09
13.556  -0.466183    0.0887996   1.70625e+09
13.6314  -0.464256    0.0893357   1.70625e+09
13.7036  -0.459409    0.0892135   1.70625e+09
13.7822  -0.451622    0.090083   1.70625e+09
13.8538  -0.439139    0.0912693   1.70625e+09
13.9302  -0.436958    0.090381   1.70625e+09
14.0173  -0.431271    0.0905955   1.70625e+09
14.0814  -0.418422    0.0907578   1.70625e+09
14.1495  -0.409011    0.0855581   1.70625e+09
14.2112  -0.405336    0.0667021   1.70625e+09
14.2746  -0.405086    0.0255435   1.70625e+09
14.3457  -0.398473    -0.0468888   1.70625e+09
14.4192  -0.397626    -0.142806   1.70625e+09
14.4755  -0.40912    -0.243753   1.70625e+09
14.5337  -0.421931    -0.340539   1.70625e+09
14.5774  -0.43395    -0.406849   1.70625e+09
14.6688  -0.487743    -0.447624   1.70625e+09
14.7581  -0.579282    -0.471641   1.70625e+09
14.8205  -0.625168    -0.481259   1.70625e+09
14.8854  -0.672902    -0.493679   1.70625e+09
14.9526  -0.727499    -0.502736   1.70625e+09
15.0211  -0.770152    -0.509121   1.70625e+09
15.09  -0.819327    -0.513677   1.70625e+09
15.1506  -0.869102    -0.518438   1.70625e+09
15.2161  -0.91142    -0.522252   1.70625e+09
15.279  -0.960052    -0.525151   1.70625e+09
15.3441  -1.00474    -0.528793   1.70625e+09
15.4106  -1.03345    -0.531674   1.70625e+09
15.4739  -1.0686    -0.533935   1.70625e+09
15.5385  -1.10971    -0.537452   1.70625e+09
15.605  -1.15342    -0.540039   1.70625e+09
15.6673  -1.19463    -0.543636   1.70625e+09
15.725  -1.24558    -0.546696   1.70625e+09
15.7894  -1.28548    -0.549402   1.70625e+09
15.8575  -1.32915    -0.553349   1.70625e+09
15.92  -1.36632    -0.564882   1.70625e+09
15.98  -1.40002    -0.593293   1.70625e+09
16.0301  -1.44229    -0.630535   1.70625e+09
16.0848  -1.50999    -0.673402   1.70625e+09
16.1369  -1.57074    -0.717884   1.70625e+09
16.1689  -1.60883    -0.763699   1.70625e+09
16.2006  -1.66931    -0.811184   1.70625e+09
16.2495  -1.73001    -0.858848   1.70625e+09
16.285  -1.80469    -0.90512   1.70625e+09
16.3263  -1.86809    -0.948585   1.70625e+09
16.3554  -1.9238    -0.991437   1.70625e+09
16.3801  -1.99841    -1.03398   1.70625e+09
16.4053  -2.06127    -1.07351   1.70625e+09
16.442  -2.13511    -1.10983   1.70625e+09
16.4545  -2.19918    -1.14132   1.70625e+09
16.4705  -2.26875    -1.16985   1.70625e+09
16.4934  -2.3425    -1.19448   1.70625e+09
16.5193  -2.42276    -1.22081   1.70625e+09
16.5389  -2.49637    -1.24836   1.70625e+09
16.5525  -2.56479    -1.27358   1.70625e+09
16.5503  -2.64663    -1.2963   1.70625e+09
16.5593  -2.71825    -1.31664   1.70625e+09
16.5776  -2.79794    -1.33672   1.70625e+09
16.5991  -2.86575    -1.35564   1.70625e+09
16.6058  -2.9312    -1.37378   1.70625e+09
16.6126  -3.01719    -1.39215   1.70625e+09
16.6241  -3.08925    -1.40892   1.70625e+09
16.63  -3.16378    -1.42612   1.70625e+09
16.6286  -3.23522    -1.44248   1.70625e+09
16.6353  -3.31237    -1.45847   1.70625e+09
16.6354  -3.3822    -1.47322   1.70625e+09
16.6452  -3.45504    -1.48865   1.70625e+09
16.653  -3.53888    -1.50368   1.70625e+09
16.6447  -3.61633    -1.51392   1.70625e+09
16.646  -3.68477    -1.52052   1.70625e+09
16.6453  -3.77442    -1.52196   1.70625e+09
16.6541  -3.85576    -1.50238   1.70625e+09
16.6459  -3.92755    -1.45976   1.70625e+09
16.6519  -4.00621    -1.40103   1.70625e+09
16.6663  -4.07895    -1.33357   1.70625e+09
16.6946  -4.16137    -1.2659   1.70625e+09
16.7344  -4.23948    -1.1951   1.70625e+09
16.7886  -4.28602    -1.12572   1.70625e+09
16.8442  -4.3449    -1.05288   1.70625e+09
16.894  -4.39216    -0.977514   1.70625e+09
16.9682  -4.45333    -0.89942   1.70625e+09
17.0425  -4.50447    -0.817942   1.70625e+09
17.116  -4.55369    -0.737089   1.70625e+09
17.1898  -4.59927    -0.652305   1.70625e+09
17.2735  -4.61961    -0.564287   1.70625e+09
17.3439  -4.63612    -0.47166   1.70625e+09
17.4291  -4.65358    -0.377319   1.70625e+09
17.5129  -4.66197    -0.284219   1.70625e+09
17.6018  -4.67184    -0.196801   1.70625e+09
17.677  -4.67715    -0.113843   1.70625e+09
17.7688  -4.66373    -0.0327202   1.70625e+09
17.8515  -4.64455    0.0427603   1.70625e+09
17.9171  -4.63694    0.0983714   1.70625e+09
18.0111  -4.62847    0.114807   1.70625e+09
18.0399  -4.61993    0.118203   1.70625e+09
18.0455  -4.61001    0.125466   1.70625e+09
18.0471  -4.60807    0.130173   1.70625e+09
18.0535  -4.59911    0.13802   1.70625e+09
18.0702  -4.5944    0.147337   1.70625e+09
18.1607  -4.52893    0.16637   1.70625e+09
18.1566  -4.52383    0.164815   1.70625e+09
18.159  -4.52977    0.165142   1.70625e+09
18.1608  -4.53309    0.164874   1.70625e+09
-10010 -10010 -10010 -10010
18.1562  -4.53352    0.164876   1.70625e+09
18.1573  -4.52221    0.164895   1.70625e+09
18.1646  -4.54322    0.162561   1.70625e+09
18.1606  -4.5398    0.161673   1.70625e+09
18.1747  -4.5288    0.160543   1.70625e+09
18.168  -4.52548    0.157966   1.70625e+09
18.1615  -4.52952    0.0755196   1.70625e+09
18.1785  -4.52579    -0.0591077   1.70625e+09
18.1846  -4.54133    -0.157025   1.70625e+09
18.2028  -4.54719    -0.277723   1.70625e+09
18.219  -4.55319    -0.384073   1.70625e+09
18.238  -4.54215    -0.500498   1.70625e+09
18.2616  -4.53863    -0.614538   1.70625e+09
18.2699  -4.54553    -0.725949   1.70625e+09
18.2801  -4.54826    -0.843233   1.70625e+09
18.2632  -4.55786    -0.955352   1.70625e+09
18.2583  -4.56998    -1.07219   1.70625e+09
18.2425  -4.58918    -1.18336   1.70625e+09
18.2013  -4.60695    -1.29617   1.70625e+09
18.1793  -4.61711    -1.40718   1.70625e+09
18.1657  -4.63628    -1.52288   1.70625e+09
18.1385  -4.65831    -1.63609   1.70625e+09
18.0839  -4.68656    -1.7453   1.70625e+09
18.0485  -4.70009    -1.85886   1.70625e+09
18.0037  -4.69813    -1.96857   1.70625e+09
17.9385  -4.70279    -2.08372   1.70625e+09
17.8807  -4.71731    -2.19452   1.70625e+09
17.7963  -4.72774    -2.30611   1.70625e+09
17.748  -4.71723    -2.42021   1.70625e+09
17.7063  -4.70356    -2.51928   1.70625e+09
17.6685  -4.70181    -2.53271   1.70625e+09
17.6453  -4.70859    -2.53116   1.70625e+09
17.6224  -4.71386    -2.55664   1.70625e+09
17.6063  -4.70056    -2.62757   1.70625e+09
17.5837  -4.69025    -2.79887   1.70625e+09
17.5747  -4.68495    -2.99508   1.70625e+09
17.5877  -4.67571    3.13435   1.70625e+09
17.5778  -4.61905    3.0516   1.70625e+09
17.5561  -4.62575    3.04225   1.70625e+09
17.5558  -4.6327    3.0542   1.70625e+09
17.5498  -4.6421    3.05559   1.70625e+09
17.5447  -4.64709    3.05095   1.70625e+09
17.5325  -4.65493    3.04883   1.70625e+09
17.53  -4.6514    3.04267   1.70625e+09
17.5221  -4.64061    3.03553   1.70625e+09
17.5214  -4.63373    3.02679   1.70625e+09
17.5244  -4.62144    3.01971   1.70625e+09
17.5269  -4.60213    3.01316   1.70625e+09
17.5377  -4.56758    3.00615   1.70625e+09
17.5535  -4.53986    3.0014   1.70625e+09
17.5595  -4.51686    3.00029   1.70625e+09
17.5708  -4.50112    3.00023   1.70625e+09
17.5804  -4.49347    2.99943   1.70625e+09
17.5906  -4.47979    2.99954   1.70625e+09
17.5952  -4.47812    2.99977   1.70625e+09
17.5992  -4.4763    2.999   1.70625e+09
17.6012  -4.47338    2.99904   1.70625e+09
17.6078  -4.4748    2.99852   1.70625e+09
17.6147  -4.47203    2.99767   1.70625e+09
17.612  -4.47466    2.99895   1.70625e+09
17.6076  -4.47758    2.99867   1.70625e+09
17.5985  -4.46912    3.00124   1.70625e+09
17.5689  -4.46691    3.00718   1.70625e+09
17.5651  -4.46791    3.01466   1.70625e+09
17.5417  -4.46115    3.0242   1.70625e+09
17.5254  -4.45871    3.03503   1.70625e+09
17.5038  -4.45662    3.04488   1.70625e+09
17.4779  -4.45374    3.05337   1.70625e+09
17.4407  -4.45685    3.05975   1.70625e+09
17.4072  -4.45522    3.06493   1.70625e+09
17.3542  -4.4594    3.07144   1.70625e+09
17.3123  -4.46003    3.07678   1.70625e+09
17.2687  -4.46244    3.07854   1.70625e+09
17.2119  -4.45295    3.07632   1.70625e+09
17.1592  -4.43971    3.07656   1.70625e+09
17.093  -4.42553    3.08327   1.70625e+09
17.0332  -4.41892    3.09728   1.70625e+09
16.971  -4.42317    3.11978   1.70625e+09
16.9134  -4.42674    -3.13619   1.70625e+09
16.8555  -4.43855    -3.10435   1.70625e+09
16.8152  -4.44185    -3.06848   1.70625e+09
16.7693  -4.46256    -3.02557   1.70625e+09
16.703  -4.47245    -2.97772   1.70625e+09
16.6442  -4.50257    -2.92547   1.70625e+09
16.5871  -4.52102    -2.87102   1.70625e+09
16.5377  -4.54728    -2.81614   1.70625e+09
16.5052  -4.58218    -2.75777   1.70625e+09
16.4538  -4.61879    -2.7014   1.70625e+09
16.4165  -4.65283    -2.64333   1.70625e+09
16.3718  -4.69357    -2.58645   1.70625e+09
16.3259  -4.73219    -2.53005   1.70625e+09
16.2901  -4.77835    -2.47492   1.70625e+09
16.2477  -4.81696    -2.41903   1.70625e+09
16.2213  -4.86525    -2.3726   1.70625e+09
16.1823  -4.906    -2.34842   1.70625e+09
16.1468  -4.94414    -2.33749   1.70625e+09
16.103  -5.00055    -2.32915   1.70625e+09
16.0634  -5.04687    -2.3225   1.70625e+09
16.0462  -5.09455    -2.31671   1.70625e+09
16.0042  -5.14064    -2.3013   1.70625e+09
15.9421  -5.19031    -2.27345   1.70625e+09
15.8875  -5.2444    -2.24256   1.70625e+09
15.8764  -5.29074    -2.21423   1.70625e+09
15.8537  -5.32194    -2.19797   1.70625e+09
15.8222  -5.36717    -2.18993   1.70625e+09
15.7915  -5.42055    -2.18297   1.70625e+09
15.7561  -5.47413    -2.17974   1.70625e+09
15.7272  -5.52154    -2.17894   1.70625e+09
15.6974  -5.57187    -2.17759   1.70625e+09
15.6523  -5.64633    -2.17016   1.70625e+09
15.6011  -5.71321    -2.15234   1.70625e+09
15.5509  -5.78342    -2.12993   1.70625e+09
15.5241  -5.8343    -2.11132   1.70625e+09
15.4904  -5.89472    -2.1043   1.70625e+09
15.4548  -5.96087    -2.09676   1.70625e+09
15.4263  -6.02083    -2.09153   1.70625e+09
15.3836  -6.07801    -2.08931   1.70625e+09
15.3492  -6.14947    -2.08847   1.70625e+09
15.3209  -6.21081    -2.08832   1.70625e+09
15.2818  -6.29535    -2.08801   1.70625e+09
15.2509  -6.36131    -2.08777   1.70625e+09
15.2172  -6.42229    -2.08627   1.70625e+09
15.174  -6.47927    -2.08622   1.70625e+09
15.1426  -6.5457    -2.08511   1.70625e+09
15.0916  -6.62735    -2.07389   1.70625e+09
15.0505  -6.69092    -2.03704   1.70625e+09
15.0182  -6.7521    -1.96491   1.70625e+09
14.9742  -6.84569    -1.89608   1.70625e+09
14.9745  -6.92812    -1.84712   1.70625e+09
14.9832  -6.98931    -1.80703   1.70625e+09
14.9762  -7.06622    -1.7926   1.70625e+09
14.9646  -7.14175    -1.7843   1.70625e+09
14.9569  -7.22634    -1.77591   1.70625e+09
14.9542  -7.29791    -1.77081   1.70625e+09
14.9557  -7.36536    -1.77431   1.70625e+09
14.9361  -7.43042    -1.79611   1.70625e+09
14.9099  -7.50575    -1.84054   1.70625e+09
14.8867  -7.58542    -1.892   1.70625e+09
14.8539  -7.64546    -1.92527   1.70625e+09
14.8277  -7.73471    -1.94391   1.70625e+09
14.7973  -7.80311    -1.94567   1.70625e+09
14.7607  -7.87067    -1.9472   1.70625e+09
14.7199  -7.94096    -1.9479   1.70625e+09
14.6907  -7.9962    -1.94255   1.70625e+09
14.6588  -8.05829    -1.93772   1.70625e+09
14.6426  -8.11424    -1.94169   1.70625e+09
14.6201  -8.18543    -1.97095   1.70625e+09
14.5813  -8.26165    -2.03562   1.70625e+09
14.5372  -8.32141    -2.11174   1.70625e+09
14.4966  -8.38163    -2.18318   1.70625e+09
14.4631  -8.44608    -2.25284   1.70625e+09
14.4072  -8.4891    -2.31261   1.70625e+09
14.3403  -8.53922    -2.36004   1.70625e+09
14.2755  -8.61361    -2.39695   1.70625e+09
14.2018  -8.65446    -2.40261   1.70625e+09
14.1384  -8.71887    -2.35633   1.70625e+09
14.0743  -8.7728    -2.28531   1.70625e+09
14.0218  -8.83056    -2.21608   1.70625e+09
13.9827  -8.88784    -2.15997   1.70625e+09
13.9384  -8.94342    -2.13857   1.70625e+09
13.8991  -8.99587    -2.13687   1.70625e+09
13.8693  -9.05346    -2.13236   1.70625e+09
13.8375  -9.12484    -2.12225   1.70625e+09
13.8003  -9.17976    -2.1125   1.70625e+09
13.7723  -9.2427    -2.10229   1.70625e+09
13.7344  -9.30401    -2.09151   1.70625e+09
13.7013  -9.37121    -2.08107   1.70625e+09
13.6669  -9.43641    -2.0694   1.70625e+09
13.6352  -9.50749    -2.05701   1.70625e+09
13.6085  -9.56906    -2.04596   1.70625e+09
13.583  -9.63332    -2.03586   1.70625e+09
13.5513  -9.68629    -2.02589   1.70625e+09
13.5348  -9.7362    -2.01707   1.70625e+09
13.5039  -9.79232    -2.00742   1.70625e+09
13.4838  -9.84003    -1.99832   1.70625e+09
13.4584  -9.88342    -1.98845   1.70625e+09
13.4303  -9.932    -1.97895   1.70625e+09
13.4042  -9.97783    -1.9695   1.70625e+09
13.3925  -10.0354    -1.96034   1.70625e+09
13.3664  -10.0762    -1.95072   1.70625e+09
13.3566  -10.121    -1.94037   1.70625e+09
13.3379  -10.1756    -1.92953   1.70625e+09
13.3229  -10.2295    -1.91911   1.70625e+09
13.307  -10.2873    -1.9076   1.70625e+09
13.2941  -10.3276    -1.89671   1.70625e+09
13.2758  -10.3739    -1.88666   1.70625e+09
13.269  -10.4221    -1.87673   1.70625e+09
13.257  -10.4628    -1.86714   1.70625e+09
13.2484  -10.5157    -1.8574   1.70625e+09
13.2325  -10.5581    -1.8474   1.70625e+09
13.223  -10.6098    -1.83694   1.70625e+09
13.2112  -10.6537    -1.82801   1.70625e+09
13.1995  -10.7069    -1.8171   1.70625e+09
13.1836  -10.758    -1.80727   1.70625e+09
13.1807  -10.8168    -1.79675   1.70625e+09
13.1705  -10.8615    -1.787   1.70625e+09
13.1573  -10.9089    -1.77654   1.70625e+09
13.152  -10.9585    -1.76659   1.70625e+09
13.1404  -11.015    -1.75687   1.70625e+09
13.1344  -11.0758    -1.74778   1.70625e+09
13.1235  -11.114    -1.74562   1.70625e+09
13.1159  -11.1495    -1.75249   1.70625e+09
13.1079  -11.2045    -1.76198   1.70625e+09
13.099  -11.255    -1.76921   1.70625e+09
13.079  -11.3093    -1.77035   1.70625e+09
13.0624  -11.3561    -1.7669   1.70625e+09
13.0537  -11.3986    -1.76074   1.70625e+09
13.042  -11.4476    -1.75497   1.70625e+09
13.0401  -11.5079    -1.74782   1.70625e+09
13.0385  -11.5575    -1.73961   1.70625e+09
13.0237  -11.612    -1.73039   1.70625e+09
13.0134  -11.6639    -1.72272   1.70625e+09
13.002  -11.7299    -1.71407   1.70625e+09
12.9968  -11.7961    -1.70441   1.70625e+09
12.9914  -11.8592    -1.69435   1.70625e+09
12.979  -11.9341    -1.68378   1.70625e+09
12.9643  -12.0046    -1.67391   1.70625e+09
12.9748  -12.0748    -1.6645   1.70625e+09
12.9708  -12.1623    -1.65472   1.70625e+09
12.9776  -12.2362    -1.6451   1.70625e+09
12.9702  -12.3051    -1.6345   1.70625e+09
12.9659  -12.3674    -1.63168   1.70625e+09
12.9636  -12.443    -1.64776   1.70625e+09
12.9494  -12.5321    -1.69184   1.70625e+09
12.9234  -12.6118    -1.74188   1.70625e+09
12.9007  -12.6985    -1.77829   1.70625e+09
12.8826  -12.7683    -1.80148   1.70625e+09
12.8619  -12.8324    -1.80337   1.70625e+09
12.8393  -12.8997    -1.80597   1.70625e+09
12.8136  -12.9752    -1.80712   1.70625e+09
12.7919  -13.0503    -1.80623   1.70625e+09
12.7777  -13.1165    -1.8012   1.70625e+09
12.763  -13.1862    -1.79503   1.70625e+09
12.7475  -13.2675    -1.78883   1.70625e+09
12.7324  -13.3359    -1.78145   1.70625e+09
12.7129  -13.4102    -1.77312   1.70625e+09
12.6921  -13.4817    -1.76438   1.70625e+09
12.6805  -13.5541    -1.75017   1.70625e+09
12.6686  -13.6309    -1.73121   1.70625e+09
12.6543  -13.7008    -1.71441   1.70625e+09
12.6422  -13.7797    -1.70104   1.70625e+09
12.6437  -13.8573    -1.68788   1.70625e+09
12.635  -13.9249    -1.68419   1.70625e+09
12.635  -14.0052    -1.67994   1.70625e+09
12.6275  -14.086    -1.68695   1.70625e+09
12.6192  -14.1695    -1.70828   1.70625e+09
12.6137  -14.2506    -1.73998   1.70625e+09
12.6055  -14.3211    -1.76265   1.70625e+09
12.5793  -14.3866    -1.77359   1.70625e+09
12.5551  -14.4572    -1.77849   1.70625e+09
12.5277  -14.5343    -1.7786   1.70625e+09
12.508  -14.6025    -1.77555   1.70625e+09
12.494  -14.6696    -1.77194   1.70625e+09
12.4808  -14.748    -1.76792   1.70625e+09
12.4653  -14.8106    -1.76257   1.70625e+09
12.4534  -14.8852    -1.75595   1.70625e+09
12.4472  -14.9567    -1.75063   1.70625e+09
12.4381  -15.0282    -1.7448   1.70625e+09
12.43  -15.1054    -1.73535   1.70625e+09
12.4184  -15.1885    -1.72268   1.70625e+09
12.4073  -15.2593    -1.71005   1.70625e+09
12.3897  -15.3432    -1.69899   1.70625e+09
12.3814  -15.42    -1.68888   1.70625e+09
12.3721  -15.4969    -1.6792   1.70625e+09
12.3687  -15.5771    -1.66883   1.70625e+09
12.3633  -15.6591    -1.65832   1.70625e+09
12.3623  -15.734    -1.64828   1.70625e+09
12.3563  -15.8065    -1.63836   1.70625e+09
12.3531  -15.8758    -1.62908   1.70625e+09
12.345  -15.9522    -1.62015   1.70625e+09
12.3478  -16.0245    -1.61127   1.70625e+09
12.3539  -16.0928    -1.60315   1.70625e+09
12.3504  -16.1611    -1.60146   1.70625e+09
12.3519  -16.2425    -1.59871   1.70625e+09
12.3533  -16.3146    -1.5959   1.70625e+09
12.3567  -16.3861    -1.59395   1.70625e+09
12.3415  -16.452    -1.60053   1.70625e+09
12.3228  -16.5275    -1.61559   1.70625e+09
12.3186  -16.6041    -1.63259   1.70625e+09
12.3165  -16.6746    -1.65287   1.70625e+09
12.2957  -16.7381    -1.68184   1.70625e+09
12.2712  -16.8098    -1.71806   1.70625e+09
12.2544  -16.8879    -1.76304   1.70625e+09
12.2326  -16.9572    -1.81711   1.70625e+09
12.2093  -17.0353    -1.88354   1.70625e+09
12.1812  -17.1096    -1.96953   1.70625e+09
12.1462  -17.173    -2.06096   1.70625e+09
12.1013  -17.2419    -2.15506   1.70625e+09
-10010 -10010 -10010 -10010
12.0627  -17.3113    -2.25039   1.70625e+09
12.0008  -17.3679    -2.34934   1.70625e+09
11.9403  -17.4165    -2.44987   1.70625e+09
11.8571  -17.448    -2.54791   1.70625e+09
11.78  -17.4746    -2.64567   1.70625e+09
11.695  -17.4934    -2.73186   1.70625e+09
11.6273  -17.4969    -2.80747   1.70625e+09
11.5616  -17.4965    -2.86276   1.70625e+09
11.5585  -17.477    -2.89065   1.70625e+09
11.5554  -17.4761    -2.90052   1.70625e+09
11.5475  -17.4769    -2.90496   1.70625e+09
11.5468  -17.4786    -2.90504   1.70625e+09
11.5388  -17.4891    -2.90563   1.70625e+09
11.5329  -17.4925    -2.90766   1.70625e+09
11.5284  -17.4892    -2.9098   1.70625e+09
11.5291  -17.4887    -2.91399   1.70625e+09
11.5269  -17.4879    -2.91466   1.70625e+09
11.5265  -17.4882    -2.91409   1.70625e+09
11.5337  -17.4927    -2.91656   1.70625e+09
11.5253  -17.4926    -2.9203   1.70625e+09
11.5232  -17.4903    -2.92347   1.70625e+09
11.5231  -17.4889    -2.92544   1.70625e+09
11.5229  -17.4846    -2.92934   1.70625e+09
11.5239  -17.4799    -2.9338   1.70625e+09
11.515  -17.4826    -2.93971   1.70625e+09
11.5034  -17.476    -2.94696   1.70625e+09
11.482  -17.4704    -2.95339   1.70625e+09
11.4728  -17.4612    -2.95701   1.70625e+09
11.4617  -17.4538    -2.95907   1.70625e+09
11.4527  -17.4445    -2.96032   1.70625e+09
11.4414  -17.4307    -2.96166   1.70625e+09
11.4336  -17.418    -2.96235   1.70625e+09
11.4271  -17.411    -2.96254   1.70625e+09
11.4148  -17.4071    -2.96321   1.70625e+09
11.4085  -17.4013    -2.96252   1.70625e+09
11.4061  -17.3925    -2.96378   1.70625e+09
11.409  -17.3849    -2.96389   1.70625e+09
11.4018  -17.379    -2.96315   1.70625e+09
11.4029  -17.3723    -2.96264   1.70625e+09
11.3964  -17.3728    -2.96273   1.70625e+09
11.3944  -17.3738    -2.96395   1.70625e+09
11.3943  -17.3652    -2.96495   1.70625e+09
11.3922  -17.3632    -2.96342   1.70625e+09
11.3894  -17.364    -2.963   1.70625e+09
11.3844  -17.3664    -2.96235   1.70625e+09
11.3813  -17.3605    -2.96332   1.70625e+09
11.3815  -17.3625    -2.96336   1.70625e+09
11.3841  -17.3622    -2.96286   1.70625e+09
11.3868  -17.3594    -2.96221   1.70625e+09
11.3971  -17.3537    -2.96258   1.70625e+09
11.3876  -17.3546    -2.96368   1.70625e+09
11.3874  -17.3554    -2.9635   1.70625e+09
11.3859  -17.3558    -2.96321   1.70625e+09
11.3884  -17.3473    -2.96369   1.70625e+09
11.3844  -17.3447    -2.96484   1.70625e+09
11.3795  -17.3434    -2.9634   1.70625e+09
11.3794  -17.3438    -2.96448   1.70625e+09
11.3775  -17.3465    -2.96451   1.70625e+09
11.389  -17.347    -2.96402   1.70625e+09
11.3839  -17.3491    -2.96452   1.70625e+09
11.3913  -17.3507    -2.96375   1.70625e+09
11.3914  -17.3545    -2.96368   1.70625e+09
11.3895  -17.354    -2.96371   1.70625e+09
11.3887  -17.358    -2.96295   1.70625e+09
11.3865  -17.3577    -2.96348   1.70625e+09
11.3889  -17.3563    -2.96399   1.70625e+09
11.391  -17.3572    -2.96252   1.70625e+09
11.3916  -17.3546    -2.96381   1.70625e+09
11.3899  -17.3536    -2.96382   1.70625e+09
11.3888  -17.3527    -2.96428   1.70625e+09
11.3809  -17.3515    -2.96432   1.70625e+09
11.3772  -17.3479    -2.96429   1.70625e+09
11.3834  -17.3504    -2.96441   1.70625e+09
11.3864  -17.3514    -2.96439   1.70625e+09
11.3916  -17.3481    -2.96376   1.70625e+09
11.3847  -17.3466    -2.96318   1.70625e+09
11.3842  -17.3475    -2.9641   1.70625e+09
11.3866  -17.3531    -2.96427   1.70625e+09
11.3931  -17.3509    -2.96278   1.70625e+09
11.3933  -17.3473    -2.96457   1.70625e+09
11.3885  -17.3483    -2.96513   1.70625e+09
11.3817  -17.3532    -2.96617   1.70625e+09
11.3474  -17.3618    -2.96702   1.70625e+09
11.309  -17.3679    -2.9679   1.70625e+09
11.2622  -17.3772    -2.96968   1.70625e+09
11.1812  -17.3956    -2.97094   1.70625e+09
11.1184  -17.4026    -2.97268   1.70625e+09
11.0552  -17.4006    -2.97426   1.70625e+09
10.9873  -17.4111    -2.97572   1.70625e+09
10.9215  -17.4215    -2.9729   1.70625e+09
10.844  -17.4348    -2.96098   1.70625e+09
10.7785  -17.4499    -2.93733   1.70625e+09
10.7007  -17.4666    -2.90503   1.70625e+09
10.6293  -17.4892    -2.8662   1.70625e+09
10.5586  -17.5154    -2.83136   1.70625e+09
10.4877  -17.5509    -2.82231   1.70625e+09
10.4177  -17.59    -2.81691   1.70625e+09
10.3433  -17.6191    -2.81104   1.70625e+09
10.2732  -17.6461    -2.80174   1.70625e+09
10.2091  -17.6722    -2.77688   1.70625e+09
10.1325  -17.7129    -2.74247   1.70625e+09
10.0581  -17.7441    -2.70869   1.70625e+09
9.99488  -17.7742    -2.68775   1.70625e+09
9.92603  -17.8135    -2.68118   1.70625e+09
9.86712  -17.8464    -2.67256   1.70625e+09
9.80255  -17.8774    -2.6533   1.70625e+09
9.7382  -17.922    -2.62225   1.70625e+09
9.67367  -17.9676    -2.57891   1.70625e+09
9.60423  -18.0031    -2.54734   1.70625e+09
9.537  -18.0463    -2.53674   1.70625e+09
9.48059  -18.0923    -2.53185   1.70625e+09
9.41939  -18.1389    -2.52723   1.70625e+09
9.36386  -18.1922    -2.5198   1.70625e+09
9.29969  -18.2455    -2.51241   1.70625e+09
9.24194  -18.2948    -2.51008   1.70625e+09
9.18147  -18.3402    -2.50872   1.70625e+09
9.12475  -18.3904    -2.50831   1.70625e+09
9.06511  -18.4339    -2.51019   1.70625e+09
9.00789  -18.4756    -2.52758   1.70625e+09
8.95028  -18.5278    -2.55866   1.70625e+09
8.88168  -18.5736    -2.59514   1.70625e+09
8.8195  -18.6076    -2.61995   1.70625e+09
8.75373  -18.6475    -2.63723   1.70625e+09
8.69158  -18.6752    -2.64934   1.70625e+09
8.61959  -18.7064    -2.65418   1.70625e+09
8.55158  -18.7376    -2.65876   1.70625e+09
8.47821  -18.7692    -2.66274   1.70625e+09
8.41455  -18.8    -2.66556   1.70625e+09
8.34532  -18.8271    -2.67469   1.70625e+09
8.27578  -18.8645    -2.68475   1.70625e+09
8.20638  -18.8964    -2.6891   1.70625e+09
8.13659  -18.9271    -2.69384   1.70625e+09
8.06336  -18.9623    -2.69852   1.70625e+09
7.99851  -18.9937    -2.7035   1.70625e+09
7.92834  -19.0272    -2.71965   1.70625e+09
7.84906  -19.0656    -2.75216   1.70625e+09
7.77639  -19.093    -2.79517   1.70625e+09
7.70697  -19.1184    -2.84954   1.70625e+09
7.64457  -19.1354    -2.89708   1.70625e+09
7.57312  -19.1363    -2.93201   1.70625e+09
7.49903  -19.1365    -2.96807   1.70625e+09
7.42483  -19.1336    -2.99962   1.70625e+09
7.35981  -19.1355    -3.01816   1.70625e+09
7.29299  -19.1322    -3.03165   1.70625e+09
7.21305  -19.1291    -3.0406   1.70625e+09
7.1386  -19.1235    -3.04536   1.70625e+09
7.07072  -19.1264    -3.04919   1.70625e+09
6.98962  -19.1232    -3.05132   1.70625e+09
6.91843  -19.1212    -3.05485   1.70625e+09
6.84086  -19.1198    -3.05857   1.70625e+09
6.76884  -19.1253    -3.0618   1.70625e+09
6.69515  -19.1279    -3.06448   1.70625e+09
6.61702  -19.1325    -3.06747   1.70625e+09
6.53777  -19.1349    -3.07047   1.70625e+09
6.46678  -19.1372    -3.07306   1.70625e+09
6.38738  -19.1411    -3.07604   1.70625e+09
6.31019  -19.1424    -3.07864   1.70625e+09
6.23972  -19.1414    -3.08105   1.70625e+09
6.1663  -19.1461    -3.0843   1.70625e+09
6.0861  -19.1485    -3.08765   1.70625e+09
6.01015  -19.1506    -3.09099   1.70625e+09
5.94065  -19.1573    -3.09356   1.70625e+09
5.86616  -19.1515    -3.09633   1.70625e+09
5.79207  -19.1562    -3.09954   1.70625e+09
5.71614  -19.1549    -3.10205   1.70625e+09
5.639  -19.1562    -3.10585   1.70625e+09
5.564  -19.1604    -3.10918   1.70625e+09
5.49164  -19.166    -3.11191   1.70625e+09
5.41119  -19.1707    -3.11503   1.70625e+09
5.33349  -19.168    -3.1183   1.70625e+09
5.2623  -19.1732    -3.12334   1.70625e+09
5.18847  -19.1782    -3.12484   1.70625e+09
5.10983  -19.1785    -3.12707   1.70625e+09
5.03029  -19.1738    -3.13106   1.70625e+09
4.94725  -19.1735    -3.13455   1.70625e+09
4.87714  -19.1765    -3.13793   1.70625e+09
4.79851  -19.1703    -3.13927   1.70625e+09
4.72754  -19.1728    3.14093   1.70625e+09
4.65778  -19.1766    3.1374   1.70625e+09
4.5771  -19.1745    3.13527   1.70625e+09
4.50205  -19.1746    3.13308   1.70625e+09
4.43137  -19.175    3.12845   1.70625e+09
4.35717  -19.1749    3.12617   1.70625e+09
4.28381  -19.1707    3.12377   1.70625e+09
4.21051  -19.1721    3.1203   1.70625e+09
4.14256  -19.1633    3.11954   1.70625e+09
4.07232  -19.155    3.11656   1.70625e+09
3.99666  -19.15    3.11463   1.70625e+09
3.92227  -19.1489    3.11051   1.70625e+09
3.8412  -19.1437    3.10859   1.70625e+09
3.77112  -19.1428    3.1041   1.70625e+09
3.69294  -19.1433    3.10151   1.70625e+09
3.62109  -19.1357    3.10237   1.70625e+09
3.54182  -19.1356    3.10983   1.70625e+09
3.46152  -19.125    3.11657   1.70625e+09
3.38872  -19.1248    3.12763   1.70625e+09
3.30911  -19.1336    3.13529   1.70625e+09
3.2362  -19.1311    -3.13965   1.70625e+09
3.1566  -19.1301    -3.13353   1.70625e+09
3.07428  -19.1341    -3.13   1.70625e+09
3.00528  -19.1352    -3.12523   1.70625e+09
2.93746  -19.1336    -3.12346   1.70625e+09
2.86762  -19.1293    -3.12341   1.70625e+09
2.79293  -19.1334    -3.12386   1.70625e+09
2.71641  -19.1331    -3.1202   1.70625e+09
2.64496  -19.1288    -3.12087   1.70625e+09
2.57609  -19.1329    -3.12038   1.70625e+09
2.50139  -19.135    -3.11993   1.70625e+09
2.42603  -19.1356    -3.12045   1.70625e+09
2.34947  -19.1347    -3.11857   1.70625e+09
2.26557  -19.1352    -3.11752   1.70625e+09
2.19293  -19.1341    -3.11819   1.70625e+09
2.1138  -19.1323    -3.11771   1.70625e+09
2.03096  -19.1335    -3.12043   1.70625e+09
1.95148  -19.1415    -3.1215   1.70625e+09
1.87086  -19.1453    -3.12077   1.70625e+09
1.79516  -19.1475    -3.12039   1.70625e+09
1.72323  -19.1451    -3.12001   1.70625e+09
1.64288  -19.1461    -3.11999   1.70625e+09
1.56936  -19.1543    -3.11994   1.70625e+09
1.49524  -19.1566    -3.11981   1.70625e+09
1.42114  -19.159    -3.12213   1.70625e+09
1.34806  -19.1598    -3.12194   1.70625e+09
1.27671  -19.1628    -3.11975   1.70625e+09
1.20058  -19.1658    -3.11805   1.70625e+09
1.12694  -19.1691    -3.11876   1.70625e+09
1.05085  -19.1723    -3.11794   1.70625e+09
0.980222  -19.1681    -3.11643   1.70625e+09
0.888934  -19.1757    -3.11637   1.70625e+09
0.816229  -19.1783    -3.11747   1.70625e+09
0.745313  -19.1807    -3.12011   1.70625e+09
0.670859  -19.1815    -3.12081   1.70625e+09
0.601919  -19.1844    -3.1212   1.70625e+09
0.520533  -19.182    -3.1204   1.70625e+09
0.444531  -19.1802    -3.12098   1.70625e+09
0.369796  -19.1823    -3.11868   1.70625e+09
0.291776  -19.1817    -3.1183   1.70625e+09
0.213769  -19.1792    -3.11738   1.70625e+09
0.141781  -19.1777    -3.11732   1.70625e+09
0.0651377  -19.1784    -3.11638   1.70625e+09
-0.0197814  -19.178    -3.10825   1.70625e+09
-0.0993932  -19.1796    -3.0993   1.70625e+09
-0.172362  -19.1874    -3.08654   1.70625e+09
-0.247966  -19.1926    -3.07259   1.70625e+09
-0.31802  -19.2029    -3.05588   1.70625e+09
-0.396924  -19.2093    -3.04385   1.70625e+09
-0.491856  -19.2227    -3.03908   1.70625e+09
-0.562644  -19.2326    -3.03787   1.70625e+09
-0.626531  -19.2379    -3.03311   1.70625e+09
-0.693424  -19.2495    -3.03169   1.70625e+09
-0.770062  -19.2654    -3.03094   1.70625e+09
-0.83896  -19.2735    -3.03073   1.70625e+09
-0.913803  -19.2836    -3.02919   1.70625e+09
-0.995139  -19.2932    -3.02851   1.70625e+09
-1.06783  -19.3023    -3.02644   1.70625e+09
-1.1483  -19.3157    -3.02538   1.70625e+09
-1.22087  -19.3226    -3.02814   1.70625e+09
-1.29244  -19.3316    -3.02725   1.70625e+09
-1.37788  -19.3341    -3.02674   1.70625e+09
-1.45308  -19.3417    -3.02716   1.70625e+09
-1.5209  -19.3486    -3.02361   1.70625e+09
-1.59978  -19.3584    -3.016   1.70625e+09
-1.67833  -19.367    -3.00348   1.70625e+09
-1.75789  -19.3728    -2.98865   1.70625e+09
-1.83172  -19.3808    -2.97425   1.70625e+09
-1.91446  -19.3898    -2.95893   1.70625e+09
-1.9791  -19.4103    -2.94357   1.70625e+09
-2.06215  -19.4206    -2.92659   1.70625e+09
-2.13693  -19.4346    -2.91116   1.70625e+09
-2.20509  -19.459    -2.90433   1.70625e+09
-2.28061  -19.4779    -2.89886   1.70625e+09
-2.35461  -19.4972    -2.89533   1.70625e+09
-2.42098  -19.5128    -2.89417   1.70625e+09
-2.49461  -19.5386    -2.89542   1.70625e+09
-2.57073  -19.5592    -2.89387   1.70625e+09
-2.63672  -19.5739    -2.89273   1.70625e+09
-2.70046  -19.5972    -2.89412   1.70625e+09
-2.76494  -19.6113    -2.89347   1.70625e+09
-2.82959  -19.6244    -2.8933   1.70625e+09
-2.917  -19.6537    -2.89068   1.70625e+09
-2.97754  -19.669    -2.88014   1.70625e+09
-3.05083  -19.7001    -2.86005   1.70625e+09
-3.12451  -19.7253    -2.83654   1.70625e+09
-3.1993  -19.7503    -2.80876   1.70625e+09
-3.2637  -19.7767    -2.78192   1.70625e+09
-3.33337  -19.8083    -2.75307   1.70625e+09
-3.40327  -19.8427    -2.72587   1.70625e+09
-3.46843  -19.8761    -2.69792   1.70625e+09
-3.53598  -19.9214    -2.66631   1.70625e+09
-3.60181  -19.9629    -2.63278   1.70625e+09
-3.66979  -20.0134    -2.59737   1.70625e+09
-3.73962  -20.0541    -2.5607   1.70625e+09
-3.80113  -20.0957    -2.5264   1.70625e+09
-3.84847  -20.1448    -2.4911   1.70625e+09
-3.90272  -20.1998    -2.45562   1.70625e+09
-3.94381  -20.2628    -2.42088   1.70625e+09
-3.99513  -20.3161    -2.38502   1.70625e+09
-4.04971  -20.3751    -2.35119   1.70625e+09
-4.10296  -20.4324    -2.31654   1.70625e+09
-4.14532  -20.4937    -2.28335   1.70625e+09
-4.19396  -20.5528    -2.24989   1.70625e+09
-4.24175  -20.6185    -2.21805   1.70625e+09
-4.27266  -20.6805    -2.18737   1.70625e+09
-4.31234  -20.7497    -2.15673   1.70625e+09
-4.35153  -20.8171    -2.12819   1.70625e+09
-4.38722  -20.8826    -2.10115   1.70625e+09
-4.41704  -20.9546    -2.07536   1.70625e+09
-4.44727  -21.0279    -2.04683   1.70625e+09
-4.47821  -21.0969    -2.02068   1.70625e+09
-4.50412  -21.1543    -1.99949   1.70625e+09
-4.52269  -21.2319    -1.98106   1.70625e+09
-4.54845  -21.3089    -1.96391   1.70625e+09
-4.57026  -21.3842    -1.9442   1.70625e+09
-4.58818  -21.4571    -1.9212   1.70625e+09
-4.60187  -21.5322    -1.89572   1.70625e+09
-4.61913  -21.6055    -1.86858   1.70625e+09
-4.64671  -21.6818    -1.84159   1.70625e+09
-4.66605  -21.7511    -1.81395   1.70625e+09
-4.67413  -21.8238    -1.78888   1.70625e+09
-4.69717  -21.8979    -1.76256   1.70625e+09
-4.70868  -21.9706    -1.73888   1.70625e+09
-4.71344  -22.0511    -1.71585   1.70625e+09
-4.71578  -22.1317    -1.69316   1.70625e+09
-4.72585  -22.2141    -1.6695   1.70625e+09
-4.7337  -22.291    -1.64531   1.70625e+09
-4.73827  -22.3647    -1.62178   1.70625e+09
-4.74321  -22.4469    -1.5962   1.70625e+09
-4.7284  -22.5343    -1.57227   1.70625e+09
-4.71148  -22.6125    -1.54939   1.70625e+09
-4.70011  -22.6863    -1.52592   1.70625e+09
-4.69201  -22.7507    -1.51292   1.70625e+09
-4.67014  -22.8367    -1.50358   1.70625e+09
-4.66172  -22.9043    -1.49896   1.70625e+09
-4.65109  -22.9781    -1.49599   1.70625e+09
-4.64835  -23.0533    -1.49507   1.70625e+09
-4.62111  -23.1319    -1.49539   1.70625e+09
-4.61354  -23.1999    -1.49536   1.70625e+09
-4.61057  -23.2847    -1.49523   1.70625e+09
-4.60744  -23.3651    -1.49447   1.70625e+09
-4.60473  -23.4359    -1.49366   1.70625e+09
-4.60087  -23.5119    -1.4933   1.70625e+09
-4.59302  -23.5821    -1.49374   1.70625e+09
-4.5989  -23.6205    -1.49402   1.70625e+09
-4.59904  -23.6524    -1.49421   1.70625e+09
-4.58694  -23.7124    -1.49346   1.70625e+09
-4.57775  -23.716    -1.49387   1.70625e+09
-10010 -10010 -10010 -10010
-4.57588  -23.7166    -1.49276   1.70625e+09
-4.58127  -23.7221    -1.49363   1.70625e+09
-4.59422  -23.737    -1.67141   1.70625e+09
-4.58954  -23.7378    -1.74216   1.70625e+09
-4.59667  -23.745    -1.84542   1.70625e+09
-4.60752  -23.732    -1.92912   1.70625e+09
-4.6192  -23.7292    -2.02639   1.70625e+09
-4.63434  -23.7247    -2.10997   1.70625e+09
-4.65809  -23.6921    -2.20288   1.70625e+09
-4.69364  -23.6649    -2.30418   1.70625e+09
-4.72431  -23.6322    -2.40573   1.70625e+09
-4.74585  -23.6017    -2.50853   1.70625e+09
-4.67336  -23.1972    1.81903   1.70625e+09
-4.67401  -23.1981    1.81279   1.70625e+09
-4.67334  -23.1953    1.8077   1.70625e+09
-4.66727  -23.1979    1.79953   1.70625e+09
-4.66576  -23.2043    1.78653   1.70625e+09
-4.64919  -23.2027    1.77268   1.70625e+09
-4.64286  -23.2056    1.76406   1.70625e+09
-4.63114  -23.2063    1.76286   1.70625e+09
-4.62392  -23.2063    1.76202   1.70625e+09
-4.61432  -23.2078    1.76278   1.70625e+09
-4.60406  -23.2108    1.7632   1.70625e+09
-4.59749  -23.2074    1.76297   1.70625e+09
-4.58824  -23.2058    1.76223   1.70625e+09
-4.58537  -23.2107    1.76258   1.70625e+09
-4.58414  -23.2107    1.76225   1.70625e+09
-4.5853  -23.215    1.76295   1.70625e+09
-4.58233  -23.2196    1.76134   1.70625e+09
-4.57794  -23.2177    1.76202   1.70625e+09
-4.57215  -23.2178    1.76109   1.70625e+09
-4.56919  -23.218    1.76117   1.70625e+09
-4.57536  -23.2161    1.76283   1.70625e+09
-4.57438  -23.2057    1.76223   1.70625e+09
-4.57301  -23.1955    1.76047   1.70625e+09
-4.5771  -23.1738    1.75907   1.70625e+09
-4.58071  -23.1282    1.75569   1.70625e+09
-4.59758  -23.0654    1.75126   1.70625e+09
-4.61472  -22.9982    1.74651   1.70625e+09
-4.62673  -22.9318    1.74355   1.70625e+09
-4.62554  -22.8568    1.74076   1.70625e+09
-4.63824  -22.7748    1.74965   1.70625e+09
-4.65206  -22.7031    1.77068   1.70625e+09
-4.66998  -22.634    1.80415   1.70625e+09
-4.6924  -22.5665    1.84152   1.70625e+09
-4.71312  -22.4969    1.8826   1.70625e+09
-4.74666  -22.4323    1.9249   1.70625e+09
-4.77739  -22.3589    1.96522   1.70625e+09
-4.81413  -22.2891    2.00229   1.70625e+09
-4.84932  -22.2292    2.0385   1.70625e+09
-4.90005  -22.1675    2.07526   1.70625e+09
-4.9372  -22.1    2.10955   1.70625e+09
-4.98303  -22.0329    2.14309   1.70625e+09
-5.03475  -21.9742    2.17565   1.70625e+09
-5.08363  -21.9127    2.20811   1.70625e+09
-5.13592  -21.8538    2.23976   1.70625e+09
-5.19284  -21.8039    2.27069   1.70625e+09
-5.24644  -21.745    2.30305   1.70625e+09
-5.29636  -21.6939    2.33286   1.70625e+09
-5.35338  -21.6401    2.36372   1.70625e+09
-5.4109  -21.5902    2.39364   1.70625e+09
-5.46961  -21.5464    2.42404   1.70625e+09
-5.53611  -21.4938    2.45323   1.70625e+09
-5.59858  -21.4501    2.48385   1.70625e+09
-5.66834  -21.404    2.5134   1.70625e+09
-5.73556  -21.365    2.54118   1.70625e+09
-5.80857  -21.3314    2.57182   1.70625e+09
-5.87741  -21.2953    2.60297   1.70625e+09
-5.94703  -21.2626    2.63286   1.70625e+09
-6.0241  -21.2277    2.66324   1.70625e+09
-6.09777  -21.1958    2.69377   1.70625e+09
-6.15854  -21.1723    2.72478   1.70625e+09
-6.24738  -21.1487    2.75575   1.70625e+09
-6.32976  -21.1238    2.78763   1.70625e+09
-6.40245  -21.1104    2.81887   1.70625e+09
-6.46769  -21.0971    2.85248   1.70625e+09
-6.54234  -21.0897    2.88686   1.70625e+09
-6.61696  -21.084    2.92433   1.70625e+09
-6.70028  -21.0774    2.96298   1.70625e+09
-6.78304  -21.0695    3.00324   1.70625e+09
-6.86393  -21.0725    3.04407   1.70625e+09
-6.94159  -21.0713    3.08338   1.70625e+09
-7.02549  -21.0748    3.11412   1.70625e+09
-7.10314  -21.0749    3.12983   1.70625e+09
-7.19149  -21.0848    3.13833   1.70625e+09
-7.26551  -21.084    3.13178   1.70625e+09
-7.33058  -21.0786    3.1083   1.70625e+09
-7.40036  -21.0678    3.0567   1.70625e+09
-7.47659  -21.0606    2.97999   1.70625e+09
-7.55108  -21.0452    2.90273   1.70625e+09
-7.61763  -20.9944    2.82593   1.70625e+09
-7.67721  -20.9598    2.74752   1.70625e+09
-7.75268  -20.9244    2.68387   1.70625e+09
-7.81774  -20.883    2.64265   1.70625e+09
-7.87872  -20.8429    2.62493   1.70625e+09
-7.93543  -20.7994    2.61077   1.70625e+09
-7.98818  -20.7574    2.60073   1.70625e+09
-8.03598  -20.7054    2.59629   1.70625e+09
-8.09442  -20.6597    2.59256   1.70625e+09
-8.15121  -20.6198    2.58851   1.70625e+09
-8.2077  -20.5815    2.58809   1.70625e+09
-8.2636  -20.5403    2.59027   1.70625e+09
-8.31523  -20.4972    2.59952   1.70625e+09
-8.37827  -20.461    2.62444   1.70625e+09
-8.44086  -20.4286    2.66386   1.70625e+09
-8.50585  -20.4006    2.70915   1.70625e+09
-8.5884  -20.3714    2.76246   1.70625e+09
-8.65834  -20.3564    2.81686   1.70625e+09
-8.73691  -20.3488    2.87106   1.70625e+09
-8.81066  -20.3396    2.92263   1.70625e+09
-8.88157  -20.3367    2.96628   1.70625e+09
-8.95666  -20.3302    3.00214   1.70625e+09
-9.02363  -20.3347    3.03284   1.70625e+09
-9.09276  -20.3326    3.0616   1.70625e+09
-9.17989  -20.3362    3.09034   1.70625e+09
-9.25262  -20.3395    3.12028   1.70625e+09
-9.33978  -20.3431    -3.13176   1.70625e+09
-9.43109  -20.3487    -3.10546   1.70625e+09
-9.50769  -20.3599    -3.08903   1.70625e+09
-9.58142  -20.3601    -3.08199   1.70625e+09
-9.65327  -20.3723    -3.07943   1.70625e+09
-9.73097  -20.3836    -3.07486   1.70625e+09
-9.81666  -20.386    -3.06871   1.70625e+09
-9.88835  -20.3853    -3.06582   1.70625e+09
-9.95946  -20.3995    -3.06366   1.70625e+09
-10.033  -20.4063    -3.06259   1.70625e+09
-10.1104  -20.4115    -3.06263   1.70625e+09
-10.1873  -20.4175    -3.06201   1.70625e+09
-10.2536  -20.4138    -3.06288   1.70625e+09
-10.3349  -20.431    -3.06229   1.70625e+09
-10.4128  -20.4359    -3.0621   1.70625e+09
-10.4943  -20.4344    -3.06147   1.70625e+09
-10.5724  -20.4454    -3.06102   1.70625e+09
-10.6408  -20.4565    -3.05949   1.70625e+09
-10.7169  -20.4523    -3.05893   1.70625e+09
-10.786  -20.4514    -3.05977   1.70625e+09
-10.8569  -20.4669    -3.05872   1.70625e+09
-10.936  -20.4633    -3.0584   1.70625e+09
-11.0037  -20.4785    -3.05812   1.70625e+09
-11.0743  -20.4826    -3.05815   1.70625e+09
-11.1473  -20.4801    -3.0571   1.70625e+09
-11.2209  -20.4911    -3.05753   1.70625e+09
-11.2923  -20.4986    -3.05673   1.70625e+09
-11.3705  -20.4991    -3.05503   1.70625e+09
-11.4449  -20.5025    -3.05566   1.70625e+09
-11.5219  -20.5089    -3.05632   1.70625e+09
-11.5928  -20.5162    -3.05543   1.70625e+09
-11.6635  -20.5267    -3.05432   1.70625e+09
-11.7422  -20.5332    -3.05428   1.70625e+09
-11.8282  -20.5373    -3.05276   1.70625e+09
-11.9041  -20.5443    -3.05278   1.70625e+09
-11.9793  -20.5574    -3.05236   1.70625e+09
-12.0503  -20.5602    -3.05251   1.70625e+09
-12.1246  -20.5652    -3.05247   1.70625e+09
-12.1991  -20.5675    -3.05271   1.70625e+09
-12.2756  -20.5685    -3.05228   1.70625e+09
-12.3558  -20.5755    -3.04931   1.70625e+09
-12.4296  -20.583    -3.04918   1.70625e+09
-12.5067  -20.5907    -3.04909   1.70625e+09
-12.5813  -20.5947    -3.04883   1.70625e+09
-12.6558  -20.5966    -3.04819   1.70625e+09
-12.7293  -20.6014    -3.05014   1.70625e+09
-12.8008  -20.606    -3.04522   1.70625e+09
-12.8728  -20.6111    -3.04721   1.70625e+09
-12.9459  -20.6149    -3.04838   1.70625e+09
-13.022  -20.6213    -3.04735   1.70625e+09
-13.0899  -20.6252    -3.04621   1.70625e+09
-13.1716  -20.6296    -3.04623   1.70625e+09
-13.2448  -20.637    -3.04597   1.70625e+09
-13.308  -20.6381    -3.04586   1.70625e+09
-13.3871  -20.6504    -3.04543   1.70625e+09
-13.4611  -20.6545    -3.04775   1.70625e+09
-13.5381  -20.6627    -3.04779   1.70625e+09
-13.6094  -20.6707    -3.04444   1.70625e+09
-13.6806  -20.677    -3.04686   1.70625e+09
-13.7544  -20.6826    -3.04608   1.70625e+09
-13.8277  -20.6862    -3.04706   1.70625e+09
-13.902  -20.6933    -3.04632   1.70625e+09
-13.9735  -20.6964    -3.04641   1.70625e+09
-14.0493  -20.7051    -3.0443   1.70625e+09
-14.1236  -20.7102    -3.04301   1.70625e+09
-14.1959  -20.7181    -3.04317   1.70625e+09
-14.266  -20.7237    -3.04507   1.70625e+09
-14.3328  -20.729    -3.04434   1.70625e+09
-14.4095  -20.7338    -3.04266   1.70625e+09
-14.4938  -20.7411    -3.0332   1.70625e+09
-14.5667  -20.7517    -2.99714   1.70625e+09
-14.6445  -20.7704    -2.98515   1.70625e+09
-14.7146  -20.779    -2.98531   1.70625e+09
-14.7973  -20.7903    -2.97886   1.70625e+09
-14.873  -20.7992    -2.97422   1.70625e+09
-14.9496  -20.8082    -2.97569   1.70625e+09
-15.0197  -20.82    -2.97398   1.70625e+09
-15.0961  -20.835    -2.97597   1.70625e+09
-15.176  -20.8456    -2.97542   1.70625e+09
-15.2492  -20.8556    -2.9719   1.70625e+09
-15.3208  -20.867    -2.97334   1.70625e+09
-15.3987  -20.879    -2.9712   1.70625e+09
-15.4754  -20.8955    -2.97173   1.70625e+09
-15.5475  -20.9058    -2.96694   1.70625e+09
-15.615  -20.9191    -2.96272   1.70625e+09
-15.6936  -20.9293    -2.94459   1.70625e+09
-15.7684  -20.9407    -2.93329   1.70625e+09
-15.8471  -20.9527    -2.93114   1.70625e+09
-15.9301  -20.9624    -2.92958   1.70625e+09
-16.001  -20.9771    -2.92536   1.70625e+09
-16.0726  -20.9953    -2.92343   1.70625e+09
-16.1504  -21.0082    -2.92008   1.70625e+09
-16.2267  -21.0258    -2.91956   1.70625e+09
-16.3003  -21.0457    -2.92238   1.70625e+09
-16.3701  -21.0594    -2.92126   1.70625e+09
-16.4458  -21.0732    -2.91989   1.70625e+09
-16.5153  -21.0913    -2.91969   1.70625e+09
-16.5878  -21.1069    -2.92165   1.70625e+09
-16.6655  -21.1171    -2.93932   1.70625e+09
-16.7409  -21.1314    -2.97261   1.70625e+09
-16.8121  -21.1426    -3.00066   1.70625e+09
-16.8858  -21.1518    -3.01736   1.70625e+09
-16.9554  -21.1621    -3.02647   1.70625e+09
-17.0295  -21.1664    -3.03705   1.70625e+09
-17.1026  -21.1721    -3.05022   1.70625e+09
-17.1779  -21.1784    -3.05539   1.70625e+09
-17.2554  -21.1897    -3.05946   1.70625e+09
-17.327  -21.1942    -3.05545   1.70625e+09
-17.4016  -21.2028    -3.06225   1.70625e+09
-17.4767  -21.2081    -3.08696   1.70625e+09
-17.5569  -21.2109    -3.11348   1.70625e+09
-17.6294  -21.2109    -3.13924   1.70625e+09
-17.7044  -21.2118    3.13708   1.70625e+09
-17.7807  -21.2096    3.13142   1.70625e+09
-17.859  -21.207    3.12609   1.70625e+09
-17.9348  -21.2027    3.11203   1.70625e+09
-18.012  -21.1985    3.10883   1.70625e+09
-18.0874  -21.195    3.10815   1.70625e+09
-18.1605  -21.1907    3.10444   1.70625e+09
-18.2403  -21.1848    3.09547   1.70625e+09
-18.3099  -21.1796    3.09195   1.70625e+09
-18.3831  -21.1733    3.0855   1.70625e+09
-18.4607  -21.1667    3.08105   1.70625e+09
-18.5319  -21.1626    3.08214   1.70625e+09
-18.6087  -21.1564    3.07932   1.70625e+09
-18.6824  -21.1512    3.07505   1.70625e+09
-18.7593  -21.1417    3.07266   1.70625e+09
-18.8366  -21.1384    3.06825   1.70625e+09
-18.9123  -21.1266    3.06344   1.70625e+09
-18.9832  -21.1187    3.06395   1.70625e+09
-19.0522  -21.1103    3.07112   1.70625e+09
-19.1286  -21.1059    3.06892   1.70625e+09
-19.2064  -21.0966    3.05757   1.70625e+09
-19.2769  -21.0855    3.05477   1.70625e+09
-19.3525  -21.0771    3.04989   1.70625e+09
-19.4323  -21.07    3.05195   1.70625e+09
-19.5094  -21.0634    3.05806   1.70625e+09
-19.5831  -21.0546    3.06166   1.70625e+09
-19.6565  -21.0491    3.07077   1.70625e+09
-19.7303  -21.0419    3.0818   1.70625e+09
-19.8034  -21.0391    3.0965   1.70625e+09
-19.8759  -21.0327    3.10519   1.70625e+09
-19.9481  -21.0313    3.11907   1.70625e+09
-20.0228  -21.0312    3.1395   1.70625e+09
-20.0952  -21.0288    -3.1214   1.70625e+09
-20.1738  -21.0328    -3.10149   1.70625e+09
-20.248  -21.0338    -3.08911   1.70625e+09
-20.3215  -21.0356    -3.09004   1.70625e+09
-20.3942  -21.0423    -3.09443   1.70625e+09
-20.467  -21.0472    -3.08964   1.70625e+09
-20.5408  -21.0513    -3.0852   1.70625e+09
-20.6198  -21.0542    -3.08521   1.70625e+09
-20.6967  -21.0571    -3.08304   1.70625e+09
-20.7757  -21.0616    -3.07973   1.70625e+09
-20.8489  -21.0667    -3.07792   1.70625e+09
-20.9259  -21.0709    -3.07381   1.70625e+09
-21.0047  -21.0754    -3.07665   1.70625e+09
-21.0755  -21.0793    -3.07359   1.70625e+09
-21.147  -21.0838    -3.06911   1.70625e+09
-21.2264  -21.0889    -3.07322   1.70625e+09
-21.3081  -21.0947    -3.07477   1.70625e+09
-21.384  -21.099    -3.0763   1.70625e+09
-21.4575  -21.1002    -3.07333   1.70625e+09
-21.5306  -21.1049    -3.07352   1.70625e+09
-21.6042  -21.1093    -3.07292   1.70625e+09
-21.6772  -21.1067    -3.07168   1.70625e+09
-21.748  -21.113    -3.07634   1.70625e+09
-21.8212  -21.1183    -3.07481   1.70625e+09
-21.8927  -21.1251    -3.07341   1.70625e+09
-21.9678  -21.1301    -3.07288   1.70625e+09
-22.0422  -21.1366    -3.07067   1.70625e+09
-22.1177  -21.1449    -3.07064   1.70625e+09
-22.1946  -21.1471    -3.07137   1.70625e+09
-22.2675  -21.1487    -3.06993   1.70625e+09
-22.3462  -21.1543    -3.06824   1.70625e+09
-22.4185  -21.1604    -3.07083   1.70625e+09
-22.4923  -21.1682    -3.0695   1.70625e+09
-22.5638  -21.1749    -3.07061   1.70625e+09
-22.6419  -21.1799    -3.07067   1.70625e+09
-22.7117  -21.1864    -3.07025   1.70625e+09
-22.7846  -21.1924    -3.06796   1.70625e+09
-22.8598  -21.1957    -3.06845   1.70625e+09
-22.9372  -21.2025    -3.06783   1.70625e+09
-23.0045  -21.2056    -3.06775   1.70625e+09
-23.0815  -21.211    -3.06622   1.70625e+09
-23.1608  -21.218    -3.06943   1.70625e+09
-23.2355  -21.2211    -3.06631   1.70625e+09
-23.3115  -21.2271    -3.06929   1.70625e+09
-23.3891  -21.2366    -3.06948   1.70625e+09
-23.4722  -21.2427    -3.06902   1.70625e+09
-23.5513  -21.2463    -3.07132   1.70625e+09
-23.6277  -21.2502    -3.07133   1.70625e+09
-23.701  -21.2532    -3.07136   1.70625e+09
-23.7792  -21.2558    -3.07445   1.70625e+09
-23.8495  -21.2606    -3.07841   1.70625e+09
-23.9272  -21.2661    -3.07768   1.70625e+09
-24.003  -21.2676    -3.07459   1.70625e+09
-24.0817  -21.2748    -3.07681   1.70625e+09
-24.1584  -21.2814    -3.07947   1.70625e+09
-24.2353  -21.2892    -3.07906   1.70625e+09
-24.3074  -21.297    -3.0784   1.70625e+09
-24.3887  -21.3037    -3.07363   1.70625e+09
-24.4641  -21.3098    -3.07622   1.70625e+09
-24.5429  -21.3138    -3.07742   1.70625e+09
-24.6227  -21.3208    -3.07916   1.70625e+09
-24.7  -21.3277    -3.07789   1.70625e+09
-24.7765  -21.3327    -3.07191   1.70625e+09
-24.8547  -21.3356    -3.07671   1.70625e+09
-24.9241  -21.3395    -3.09879   1.70625e+09
-24.9983  -21.3421    -3.11876   1.70625e+09
-25.0675  -21.3432    3.13354   1.70625e+09
-25.143  -21.3419    3.10273   1.70625e+09
-25.2107  -21.3384    3.06988   1.70625e+09
-25.28  -21.3271    3.03633   1.70625e+09
-25.3499  -21.3174    3.00387   1.70625e+09
-25.4238  -21.3059    2.96965   1.70625e+09
-25.4916  -21.2904    2.93421   1.70625e+09
-25.56  -21.274    2.89821   1.70625e+09
-25.6258  -21.2511    2.86092   1.70625e+09
-25.6891  -21.2254    2.82204   1.70625e+09
-25.7529  -21.1903    2.78319   1.70625e+09
-25.8166  -21.159    2.74839   1.70625e+09
-25.8818  -21.1225    2.71334   1.70625e+09
-25.9471  -21.0738    2.68054   1.70625e+09
-26.0086  -21.025    2.64881   1.70625e+09
-26.0667  -20.9856    2.61708   1.70625e+09
-26.1258  -20.9408    2.58312   1.70625e+09
-26.1829  -20.8938    2.54862   1.70625e+09
-26.239  -20.8517    2.51034   1.70625e+09
-26.2902  -20.8041    2.47225   1.70625e+09
-26.3438  -20.756    2.43878   1.70625e+09
-10010 -10010 -10010 -10010
-26.3982  -20.7091    2.41213   1.70625e+09
-26.4404  -20.6695    2.38848   1.70625e+09
-26.4575  -20.6462    2.3803   1.70625e+09
-26.4607  -20.6323    2.37653   1.70625e+09
-26.4602  -20.6325    2.37691   1.70625e+09
-26.435  -20.4873    1.92128   1.70625e+09
-26.434  -20.4857    1.92042   1.70625e+09
-26.4239  -20.4832    1.92084   1.70625e+09
-26.4171  -20.4789    1.92209   1.70625e+09
-26.4144  -20.4781    1.92369   1.70625e+09
-26.4198  -20.4747    1.91955   1.70625e+09
-26.4224  -20.4754    1.87236   1.70625e+09
-26.4244  -20.4727    1.8489   1.70625e+09
-26.4181  -20.4714    1.81275   1.70625e+09
-26.4183  -20.4761    1.79082   1.70625e+09
-26.4137  -20.473    1.75002   1.70625e+09
-26.4057  -20.4664    1.71525   1.70625e+09
-26.4017  -20.4664    1.73122   1.70625e+09
-26.3999  -20.4671    1.73524   1.70625e+09
-26.3966  -20.4646    1.72762   1.70625e+09
-26.3907  -20.4629    1.7292   1.70625e+09
-26.3942  -20.4564    1.7266   1.70625e+09
-26.3828  -20.4182    1.71553   1.70625e+09
-26.3801  -20.4203    1.71587   1.70625e+09
-26.3796  -20.41    1.71675   1.70625e+09
-26.3855  -20.3803    1.71705   1.70625e+09
-26.3952  -20.3326    1.71684   1.70625e+09
-26.4017  -20.2705    1.71764   1.70625e+09
-26.4071  -20.2111    1.72119   1.70625e+09
-26.424  -20.1564    1.71982   1.70625e+09
-26.4367  -20.0998    1.72037   1.70625e+09
-26.4423  -20.0463    1.72248   1.70625e+09
-26.4603  -19.9906    1.71246   1.70625e+09
-26.4704  -19.938    1.68828   1.70625e+09
-26.4727  -19.8865    1.65362   1.70625e+09
-26.4806  -19.8314    1.6195   1.70625e+09
-26.4831  -19.7761    1.58892   1.70625e+09
-26.4841  -19.717    1.57287   1.70625e+09
-26.4836  -19.6644    1.56788   1.70625e+09
-26.4707  -18.8026    1.53667   1.70625e+09
-26.4656  -18.7478    1.53044   1.70625e+09
-26.4634  -18.6939    1.52779   1.70625e+09
-26.4538  -18.6403    1.5242   1.70625e+09
-26.4484  -18.587    1.51953   1.70625e+09
-26.4425  -18.5358    1.51437   1.70625e+09
-26.4364  -18.4826    1.51459   1.70625e+09
-26.4339  -18.4279    1.5069   1.70625e+09
-26.4309  -18.3791    1.50677   1.70625e+09
-26.428  -18.3274    1.49735   1.70625e+09
-26.4254  -18.2733    1.47723   1.70625e+09
-26.4168  -18.2232    1.45273   1.70625e+09
-26.4085  -18.1711    1.42477   1.70625e+09
-26.3991  -18.1199    1.40188   1.70625e+09
-26.3899  -18.0692    1.3746   1.70625e+09
-26.3783  -18.0177    1.34646   1.70625e+09
-26.3663  -17.9669    1.32079   1.70625e+09
-26.3511  -17.9192    1.29671   1.70625e+09
-26.3327  -17.8699    1.26967   1.70625e+09
-26.3167  -17.8197    1.24431   1.70625e+09
-26.2994  -17.771    1.2221   1.70625e+09
-26.2786  -17.7236    1.19462   1.70625e+09
-26.2568  -17.6755    1.16952   1.70625e+09
-26.2369  -17.6297    1.14916   1.70625e+09
-26.2152  -17.5831    1.12983   1.70625e+09
-26.1822  -17.5379    1.11521   1.70625e+09
-26.1535  -17.4927    1.11359   1.70625e+09
-26.1205  -17.448    1.10929   1.70625e+09
-26.0954  -17.4044    1.10395   1.70625e+09
-26.0715  -17.3592    1.10485   1.70625e+09
-26.0484  -17.3164    1.10437   1.70625e+09
-26.0215  -17.273    1.11748   1.70625e+09
-25.9987  -17.2284    1.14382   1.70625e+09
-25.9784  -17.1815    1.16792   1.70625e+09
-25.9592  -17.1327    1.18006   1.70625e+09
-25.9406  -17.0864    1.186   1.70625e+09
-25.922  -17.0423    1.19904   1.70625e+09
-25.9018  -16.9912    1.23641   1.70625e+09
-25.8851  -16.9401    1.28119   1.70625e+09
-25.8729  -16.8884    1.31253   1.70625e+09
-25.868  -16.8386    1.32603   1.70625e+09
-25.8505  -16.8001    1.32589   1.70625e+09
-25.8483  -16.7745    1.33555   1.70625e+09
-25.848  -16.7667    1.35134   1.70625e+09
-25.8517  -16.7698    1.34559   1.70625e+09
-25.8546  -16.776    1.33513   1.70625e+09
-25.8544  -16.7748    1.33163   1.70625e+09
-25.8621  -16.7745    1.32862   1.70625e+09
-25.8683  -16.7733    1.33305   1.70625e+09
-25.8698  -16.7718    1.33477   1.70625e+09
-25.8667  -16.7723    1.33475   1.70625e+09
-25.8717  -16.7707    1.33312   1.70625e+09
-25.8736  -16.7698    1.3342   1.70625e+09
-25.8722  -16.7671    1.33088   1.70625e+09
-25.872  -16.7678    1.3345   1.70625e+09
-25.8751  -16.7671    1.33235   1.70625e+09
-25.8767  -16.7632    1.33201   1.70625e+09
-25.88  -16.7536    1.33084   1.70625e+09
-25.8765  -16.7425    1.33364   1.70625e+09
-25.8802  -16.7286    1.33618   1.70625e+09
-25.8794  -16.7149    1.3318   1.70625e+09
-25.8766  -16.706    1.33404   1.70625e+09
-25.8754  -16.6918    1.34797   1.70625e+09
-25.8745  -16.6803    1.36941   1.70625e+09
-25.8696  -16.6068    1.43652   1.70625e+09
-25.8724  -16.5934    1.43883   1.70625e+09
-25.8685  -16.5815    1.44409   1.70625e+09
-25.8669  -16.5677    1.45788   1.70625e+09
-25.8731  -16.5506    1.47341   1.70625e+09
-25.8752  -16.539    1.49194   1.70625e+09
-25.8794  -16.5238    1.50675   1.70625e+09
-25.9105  -16.1558    1.5919   1.70625e+09
-25.908  -16.1532    1.59392   1.70625e+09
-25.9075  -16.1524    1.59228   1.70625e+09
-25.9051  -16.1519    1.5951   1.70625e+09
-25.905  -16.1501    1.59657   1.70625e+09
-10010 -10010 -10010 -10010
-25.8988  -16.1543    1.59591   1.70625e+09
-25.9006  -16.1556    1.59441   1.70625e+09
-25.8981  -16.1563    1.59462   1.70625e+09
-25.8945  -16.1568    1.59397   1.70625e+09
-25.8938  -16.1597    1.59287   1.70625e+09
-25.8923  -16.1615    1.5948   1.70625e+09
-25.8919  -16.1598    1.59353   1.70625e+09
-25.8931  -16.1586    1.59212   1.70625e+09
-25.893  -16.1597    1.59128   1.70625e+09
-25.8934  -16.1567    1.59006   1.70625e+09
-25.8957  -16.1537    1.59165   1.70625e+09
-25.8965  -16.1499    1.59301   1.70625e+09
-25.892  -16.1524    1.5904   1.70625e+09
-25.8953  -16.1507    1.59211   1.70625e+09
-25.8968  -16.1486    1.59331   1.70625e+09
-25.8942  -16.1515    1.58969   1.70625e+09
-25.8929  -16.1495    1.59258   1.70625e+09
-25.8938  -16.1491    1.59406   1.70625e+09
-25.895  -16.1487    1.5917   1.70625e+09
-25.8968  -16.1472    1.59413   1.70625e+09
-25.8985  -16.1484    1.59334   1.70625e+09
-25.8951  -16.1539    1.59343   1.70625e+09
-25.8967  -16.1522    1.59461   1.70625e+09
-25.8976  -16.1528    1.59248   1.70625e+09
-25.8993  -16.1528    1.59112   1.70625e+09
-25.9096  -16.146    1.59415   1.70625e+09
-25.9082  -16.1415    1.59478   1.70625e+09
-25.9063  -16.1407    1.5926   1.70625e+09
-25.908  -16.1347    1.59246   1.70625e+09
-25.9308  -16.0171    1.66291   1.70625e+09
-25.9323  -16.0068    1.66487   1.70625e+09
-25.9329  -15.9951    1.66533   1.70625e+09
-25.9334  -15.9845    1.66451   1.70625e+09
-25.935  -15.9729    1.66318   1.70625e+09
-25.9376  -15.962    1.65759   1.70625e+09
-25.9352  -15.9511    1.65362   1.70625e+09
-25.9373  -15.9378    1.64694   1.70625e+09
-25.9359  -15.9247    1.64269   1.70625e+09
-25.9359  -15.9144    1.64105   1.70625e+09
-25.9383  -15.903    1.63553   1.70625e+09
-25.9387  -15.8911    1.63347   1.70625e+09
-25.9398  -15.879    1.63149   1.70625e+09
-25.9394  -15.8662    1.63017   1.70625e+09
-25.9401  -15.8541    1.62924   1.70625e+09
-25.9413  -15.8432    1.63033   1.70625e+09
-25.9432  -15.8318    1.62992   1.70625e+09
-25.9437  -15.8212    1.62858   1.70625e+09
-25.9431  -15.8102    1.62783   1.70625e+09
-25.9432  -15.7988    1.62579   1.70625e+09
-25.9425  -15.7883    1.62472   1.70625e+09
-25.9433  -15.7774    1.62443   1.70625e+09
-25.9416  -15.7655    1.62467   1.70625e+09
-25.9414  -15.7559    1.6242   1.70625e+09
-25.9402  -15.7455    1.6243   1.70625e+09
-25.9399  -15.7359    1.62612   1.70625e+09
-25.9397  -15.7234    1.62174   1.70625e+09
-25.9398  -15.7117    1.61939   1.70625e+09
-25.9406  -15.7003    1.61914   1.70625e+09
-25.9416  -15.6894    1.61818   1.70625e+09
-25.9411  -15.6751    1.61751   1.70625e+09
-25.9367  -15.6628    1.61896   1.70625e+09
-25.9368  -15.6526    1.62266   1.70625e+09
-25.9357  -15.6407    1.62971   1.70625e+09
-25.9354  -15.6264    1.64498   1.70625e+09
-25.9333  -15.612    1.66143   1.70625e+09
-25.9371  -15.5987    1.67946   1.70625e+09
-25.9362  -15.5879    1.69083   1.70625e+09
-25.9384  -15.5777    1.69711   1.70625e+09
-25.9424  -15.5648    1.6971   1.70625e+09
-25.9454  -15.5519    1.70001   1.70625e+09
-25.9459  -15.5397    1.69994   1.70625e+09
-25.9502  -15.5267    1.69637   1.70625e+09
-25.9537  -15.5165    1.70114   1.70625e+09
-25.9571  -15.5035    1.69641   1.70625e+09
-25.9592  -15.4908    1.69676   1.70625e+09
-25.9613  -15.4783    1.6968   1.70625e+09
-25.9603  -15.4683    1.70094   1.70625e+09
-25.962  -15.4574    1.6999   1.70625e+09
-25.962  -15.4458    1.70103   1.70625e+09
-25.9639  -15.4332    1.69916   1.70625e+09
-25.9678  -15.4198    1.69821   1.70625e+09
-25.9695  -15.4082    1.69796   1.70625e+09
-25.9712  -15.3957    1.6947   1.70625e+09
-25.9711  -15.3833    1.68697   1.70625e+09
-25.9758  -15.3712    1.67111   1.70625e+09
-25.9742  -15.3598    1.65429   1.70625e+09
-25.9786  -15.3473    1.62413   1.70625e+09
-25.9781  -15.3371    1.58603   1.70625e+09
-25.9753  -15.3306    1.56655   1.70625e+09
-25.9707  -15.3381    1.57024   1.70625e+09
-25.9676  -15.3393    1.57037   1.70625e+09
-25.9655  -15.3406    1.57482   1.70625e+09
-25.9659  -15.3402    1.57304   1.70625e+09
-25.9655  -15.3414    1.57223   1.70625e+09
-25.9683  -15.3406    1.56794   1.70625e+09
-25.9716  -15.341    1.56777   1.70625e+09
-25.9688  -15.3402    1.56965   1.70625e+09
-25.969  -15.3399    1.57006   1.70625e+09
-25.9675  -15.3388    1.57319   1.70625e+09
-25.9649  -15.3383    1.57027   1.70625e+09
-25.9678  -15.3367    1.57442   1.70625e+09
-25.9678  -15.3397    1.57176   1.70625e+09
-25.9666  -15.3419    1.57469   1.70625e+09
-25.967  -15.3427    1.57176   1.70625e+09
-25.9629  -15.3426    1.56803   1.70625e+09
-25.9612  -15.3396    1.60592   1.70625e+09
-25.9653  -15.336    1.63167   1.70625e+09
-25.964  -15.3302    1.64933   1.70625e+09
-25.9644  -15.3286    1.67384   1.70625e+09
-25.9684  -15.3248    1.68441   1.70625e+09
-25.9683  -15.3233    1.69199   1.70625e+09
-25.9659  -15.3216    1.69768   1.70625e+09
-25.9659  -15.3177    1.69607   1.70625e+09
-25.9638  -15.3085    1.69632   1.70625e+09
-25.9657  -15.3016    1.68982   1.70625e+09
-25.9675  -15.2942    1.68005   1.70625e+09
-25.9703  -15.2865    1.67235   1.70625e+09
-25.9692  -15.2776    1.66204   1.70625e+09
-25.969  -15.2699    1.65369   1.70625e+09
-25.9681  -15.2615    1.64493   1.70625e+09
-25.969  -15.253    1.63599   1.70625e+09
-25.9716  -15.246    1.62986   1.70625e+09
-25.9716  -15.2397    1.62738   1.70625e+09
-25.967  -15.2314    1.62732   1.70625e+09
-25.9655  -15.2209    1.62189   1.70625e+09
-25.9646  -15.2115    1.62506   1.70625e+09
-25.9661  -15.2045    1.62574   1.70625e+09
-25.9668  -15.1969    1.6238   1.70625e+09
-25.9679  -15.1874    1.6237   1.70625e+09
-25.9672  -15.1819    1.6224   1.70625e+09
-25.9687  -15.177    1.62494   1.70625e+09
-25.9677  -15.1681    1.62499   1.70625e+09
-25.9648  -15.1608    1.62559   1.70625e+09
-25.963  -15.1546    1.62184   1.70625e+09
-25.9689  -15.1485    1.62256   1.70625e+09
-25.9699  -15.144    1.62317   1.70625e+09
-25.9688  -15.1377    1.62197   1.70625e+09
-25.9683  -15.1316    1.61984   1.70625e+09
-25.9678  -15.1273    1.61993   1.70625e+09
-25.9691  -15.123    1.61951   1.70625e+09
-25.9711  -15.1224    1.61804   1.70625e+09
-25.9714  -15.1212    1.61937   1.70625e+09
-25.9719  -15.1199    1.62437   1.70625e+09
-25.9692  -15.1188    1.62396   1.70625e+09
-25.9697  -15.1194    1.6179   1.70625e+09
-25.971  -15.1163    1.61821   1.70625e+09
-25.9706  -15.1161    1.61938   1.70625e+09
-25.9726  -15.1162    1.6193   1.70625e+09
-25.9701  -15.1141    1.62192   1.70625e+09
-25.9721  -15.1126    1.62315   1.70625e+09
-25.9731  -15.1111    1.62241   1.70625e+09
-25.9737  -15.1119    1.62032   1.70625e+09
-25.9731  -15.112    1.62116   1.70625e+09
-25.9736  -15.1119    1.62562   1.70625e+09
-25.9734  -15.1114    1.62204   1.70625e+09
-25.9724  -15.1068    1.62041   1.70625e+09
-25.9706  -15.1065    1.62009   1.70625e+09
-25.9685  -15.1043    1.61728   1.70625e+09
-25.9665  -15.1026    1.62128   1.70625e+09
-25.9668  -15.1026    1.62177   1.70625e+09
-25.9673  -15.1033    1.62112   1.70625e+09
-25.9681  -15.1024    1.61998   1.70625e+09
-25.9695  -15.1041    1.61923   1.70625e+09
-25.9723  -15.1029    1.61947   1.70625e+09
-25.9747  -15.1017    1.62311   1.70625e+09
-25.9798  -15.1031    1.61981   1.70625e+09
-25.9811  -15.1053    1.62217   1.70625e+09
-25.982  -15.1051    1.62086   1.70625e+09
-25.9811  -15.1039    1.62001   1.70625e+09
-25.9791  -15.102    1.61912   1.70625e+09
-25.977  -15.1006    1.6195   1.70625e+09
-25.9762  -15.1027    1.61954   1.70625e+09
-25.9755  -15.1034    1.61952   1.70625e+09
-25.9741  -15.1028    1.61962   1.70625e+09
-25.9755  -15.1035    1.61814   1.70625e+09
-25.9738  -15.1026    1.62067   1.70625e+09
-25.9729  -15.1027    1.6219   1.70625e+09
-25.9707  -15.1031    1.62025   1.70625e+09
-25.969  -15.1044    1.61679   1.70625e+09
-25.9699  -15.1026    1.62137   1.70625e+09
-25.9708  -15.1023    1.62285   1.70625e+09
-25.9705  -15.1022    1.62419   1.70625e+09
-25.9673  -15.1047    1.62432   1.70625e+09
-25.9662  -15.1039    1.62297   1.70625e+09
-25.9647  -15.1038    1.62596   1.70625e+09
-25.9643  -15.1034    1.6248   1.70625e+09
-25.9617  -15.1023    1.62632   1.70625e+09
-25.9612  -15.1021    1.62639   1.70625e+09
-25.961  -15.1017    1.62679   1.70625e+09
-25.9602  -15.1017    1.62557   1.70625e+09
-25.9607  -15.1015    1.62589   1.70625e+09
-25.9606  -15.1004    1.6247   1.70625e+09
-25.9593  -15.1002    1.62545   1.70625e+09
-25.9588  -15.1003    1.62269   1.70625e+09
-25.9573  -15.1016    1.61875   1.70625e+09
-25.9596  -15.1017    1.62391   1.70625e+09
-25.9578  -15.1028    1.62135   1.70625e+09
-10010 -10010 -10010 -10010
-25.955  -15.1019    1.62102   1.70625e+09
-25.9555  -15.1021    1.62089   1.70625e+09
-25.9559  -15.103    1.62167   1.70625e+09
-25.9533  -15.1009    1.62157   1.70625e+09
-25.9539  -15.1019    1.62614   1.70625e+09
-25.9501  -15.1009    1.62441   1.70625e+09
-25.9313  -15.1111    1.6285   1.70625e+09
-25.9302  -15.1117    1.62837   1.70625e+09
-25.9289  -15.1111    1.62826   1.70625e+09
-25.9281  -15.1119    1.63205   1.70625e+09
-25.9267  -15.1121    1.62956   1.70625e+09
-25.9246  -15.1119    1.63306   1.70625e+09
-25.9334  -15.1128    1.62516   1.70625e+09
-25.9282  -15.1109    1.63085   1.70625e+09
-25.9295  -15.11    1.62474   1.70625e+09
-25.9292  -15.109    1.62653   1.70625e+09
-25.9296  -15.1038    1.62661   1.70625e+09
-25.9305  -15.0762    1.62596   1.70625e+09
-25.9344  -15.0308    1.62525   1.70625e+09
-25.9413  -14.9719    1.62148   1.70625e+09
-25.9418  -14.9029    1.61728   1.70625e+09
-25.9448  -14.8288    1.61191   1.70625e+09
-25.9461  -14.7543    1.6098   1.70625e+09
-25.9503  -14.6774    1.62401   1.70625e+09
-25.9502  -14.6049    1.63868   1.70625e+09
-25.9573  -14.5343    1.65001   1.70625e+09
-25.9628  -14.463    1.65073   1.70625e+09
-25.9674  -14.3909    1.65066   1.70625e+09
-25.9822  -14.3235    1.6493   1.70625e+09
-25.9884  -14.2515    1.65497   1.70625e+09
-25.994  -14.1824    1.65136   1.70625e+09
-26.0019  -14.1111    1.65155   1.70625e+09
-26.0057  -14.0401    1.65451   1.70625e+09
-26.0093  -13.9682    1.65557   1.70625e+09
-26.0147  -13.8941    1.65655   1.70625e+09
-26.0222  -13.8238    1.6582   1.70625e+09
-26.024  -13.7489    1.66233   1.70625e+09
-26.0317  -13.676    1.65941   1.70625e+09
-26.0427  -13.6052    1.65829   1.70625e+09
-26.0454  -13.5315    1.65355   1.70625e+09
-26.0538  -13.4613    1.63707   1.70625e+09
-26.0574  -13.3947    1.61134   1.70625e+09
-26.0546  -13.3268    1.58873   1.70625e+09
-26.05  -13.2522    1.56824   1.70625e+09
-26.0404  -13.1821    1.56511   1.70625e+09
-26.0406  -13.1074    1.57973   1.70625e+09
-26.0411  -13.0346    1.60773   1.70625e+09
-26.0418  -12.9675    1.63395   1.70625e+09
-26.0451  -12.9022    1.6511   1.70625e+09
-26.0457  -12.8303    1.66281   1.70625e+09
-26.0539  -12.7592    1.66167   1.70625e+09
-26.0577  -12.6895    1.66582   1.70625e+09
-26.0648  -12.6187    1.66744   1.70625e+09
-26.0712  -12.5492    1.67039   1.70625e+09
-26.075  -12.4748    1.67389   1.70625e+09
-26.0836  -12.4025    1.66963   1.70625e+09
-26.0965  -12.3321    1.66909   1.70625e+09
-26.1068  -12.2593    1.66874   1.70625e+09
-26.1179  -12.1845    1.66521   1.70625e+09
-26.123  -12.1132    1.65892   1.70625e+09
-26.132  -12.0377    1.65852   1.70625e+09
-26.1406  -11.9696    1.65139   1.70625e+09
-26.1513  -11.8954    1.64553   1.70625e+09
-26.154  -11.8249    1.64556   1.70625e+09
-26.1621  -11.7548    1.64314   1.70625e+09
-26.1641  -11.6797    1.63582   1.70625e+09
-26.1671  -11.6084    1.63078   1.70625e+09
-26.1735  -11.5378    1.62978   1.70625e+09
-26.175  -11.4683    1.6274   1.70625e+09
-26.1749  -11.3973    1.62488   1.70625e+09
-26.1756  -11.3304    1.63099   1.70625e+09
-26.1708  -11.2571    1.63032   1.70625e+09
-26.1733  -11.1804    1.63576   1.70625e+09
-26.1751  -11.1102    1.62596   1.70625e+09
-26.1776  -11.0373    1.62219   1.70625e+09
-26.1819  -10.9664    1.62308   1.70625e+09
-26.1887  -10.8998    1.61982   1.70625e+09
-26.1925  -10.8301    1.61517   1.70625e+09
-26.1951  -10.7609    1.61981   1.70625e+09
-26.2019  -10.6907    1.6138   1.70625e+09
-26.2048  -10.6187    1.62637   1.70625e+09
-26.2112  -10.5523    1.63294   1.70625e+09
-26.2126  -10.4814    1.63837   1.70625e+09
-26.2157  -10.4101    1.64158   1.70625e+09
-26.2197  -10.3414    1.64538   1.70625e+09
-26.2261  -10.2685    1.64449   1.70625e+09
-26.2313  -10.1959    1.63975   1.70625e+09
-26.2309  -10.1193    1.64319   1.70625e+09
-26.2353  -10.0477    1.64397   1.70625e+09
-26.2394  -9.97473    1.64691   1.70625e+09
-26.242  -9.90341    1.64714   1.70625e+09
-26.2425  -9.83001    1.64536   1.70625e+09
-26.2479  -9.755    1.64476   1.70625e+09
-26.2501  -9.68436    1.64391   1.70625e+09
-26.2563  -9.6149    1.65062   1.70625e+09
-26.2661  -9.54346    1.65168   1.70625e+09
-26.2745  -9.47072    1.64882   1.70625e+09
-26.2778  -9.39918    1.64936   1.70625e+09
-26.2845  -9.32775    1.65091   1.70625e+09
-26.2914  -9.25449    1.65564   1.70625e+09
-26.2968  -9.18382    1.65665   1.70625e+09
-26.3021  -9.11579    1.6537   1.70625e+09
-26.3106  -9.04204    1.65318   1.70625e+09
-26.3142  -8.97207    1.65737   1.70625e+09
-26.3208  -8.89777    1.6595   1.70625e+09
-26.3262  -8.82741    1.66052   1.70625e+09
-26.3302  -8.75479    1.6614   1.70625e+09
-26.3353  -8.68226    1.6569   1.70625e+09
-26.3415  -8.60759    1.64752   1.70625e+09
-26.3477  -8.53598    1.64157   1.70625e+09
-26.3528  -8.46541    1.64019   1.70625e+09
-26.355  -8.39579    1.63794   1.70625e+09
-26.3568  -8.32102    1.62808   1.70625e+09
-26.3577  -8.24696    1.62483   1.70625e+09
-26.3616  -8.17364    1.6241   1.70625e+09
-26.3664  -8.1017    1.62111   1.70625e+09
-26.3657  -8.02955    1.61958   1.70625e+09
-26.3686  -7.95712    1.61761   1.70625e+09
-26.3651  -7.88345    1.61401   1.70625e+09
-26.3735  -7.81517    1.62373   1.70625e+09
-26.3774  -7.74152    1.6328   1.70625e+09
-26.3797  -7.66668    1.63835   1.70625e+09
-26.3796  -7.5959    1.6405   1.70625e+09
-26.3854  -7.52364    1.64188   1.70625e+09
-26.3841  -7.4538    1.64095   1.70625e+09
-26.3915  -7.38134    1.63521   1.70625e+09
-26.3911  -7.30645    1.6369   1.70625e+09
-26.397  -7.23096    1.64027   1.70625e+09
-26.4051  -7.15892    1.63941   1.70625e+09
-26.4101  -7.08449    1.64119   1.70625e+09
-26.4133  -7.01365    1.63857   1.70625e+09
-26.4153  -6.94142    1.63984   1.70625e+09
-26.4221  -6.87048    1.64258   1.70625e+09
-26.4265  -6.80024    1.64126   1.70625e+09
-26.4271  -6.72318    1.64008   1.70625e+09
-26.4294  -6.65581    1.64188   1.70625e+09
-26.4343  -6.59104    1.64762   1.70625e+09
-26.4397  -6.53497    1.6497   1.70625e+09
-26.4484  -6.44886    1.6495   1.70625e+09
-26.4466  -6.44648    1.64883   1.70625e+09
-10010 -10010 -10010 -10010
-26.4495  -6.4497    1.64643   1.70625e+09
-26.4516  -6.4492    1.64681   1.70625e+09
-26.4504  -6.44786    1.64166   1.70625e+09
-26.4543  -6.44499    1.64627   1.70625e+09
-26.4618  -6.4386    1.65554   1.70625e+09
-26.4603  -6.44396    1.6454   1.70625e+09
-26.4583  -6.43299    1.65371   1.70625e+09
-26.4584  -6.43674    1.65736   1.70625e+09
-26.4592  -6.43247    1.65862   1.70625e+09
-26.461  -6.40493    1.65905   1.70625e+09
-26.4594  -6.36455    1.65567   1.70625e+09
-26.4654  -6.30839    1.65862   1.70625e+09
-26.4716  -6.24633    1.65978   1.70625e+09
-26.4747  -6.19174    1.65803   1.70625e+09
-26.4807  -6.1339    1.65853   1.70625e+09
-26.4885  -6.07431    1.66671   1.70625e+09
-26.4956  -6.01856    1.68385   1.70625e+09
-26.5025  -5.9595    1.7036   1.70625e+09
-26.5091  -5.89976    1.71585   1.70625e+09
-26.5178  -5.84379    1.7173   1.70625e+09
-26.5231  -5.78472    1.7175   1.70625e+09
-26.5315  -5.72961    1.71149   1.70625e+09
-26.5399  -5.66737    1.70823   1.70625e+09
-26.5481  -5.60694    1.71416   1.70625e+09
-26.5584  -5.55222    1.71247   1.70625e+09
-26.5667  -5.4892    1.71354   1.70625e+09
-26.5729  -5.43058    1.71935   1.70625e+09
-26.583  -5.37333    1.72015   1.70625e+09
-26.5938  -5.31396    1.72096   1.70625e+09
-26.6023  -5.25759    1.72349   1.70625e+09
-26.6093  -5.20082    1.72546   1.70625e+09
-26.6188  -5.14495    1.72409   1.70625e+09
-26.6294  -5.08473    1.72436   1.70625e+09
-26.6415  -5.02838    1.72642   1.70625e+09
-26.6482  -4.97459    1.72759   1.70625e+09
-26.6539  -4.9159    1.72897   1.70625e+09
-26.6612  -4.86038    1.73025   1.70625e+09
-26.6664  -4.80627    1.72829   1.70625e+09
-26.6778  -4.75332    1.72366   1.70625e+09
-26.6867  -4.70229    1.70261   1.70625e+09
-26.6936  -4.64697    1.66943   1.70625e+09
-26.6981  -4.5948    1.62907   1.70625e+09
-26.6978  -4.54039    1.57827   1.70625e+09
-26.6952  -4.49106    1.52523   1.70625e+09
-26.6828  -4.43788    1.4762   1.70625e+09
-26.6656  -4.39306    1.41822   1.70625e+09
-26.6482  -4.34964    1.36141   1.70625e+09
-26.6147  -4.30979    1.30253   1.70625e+09
-26.5831  -4.26425    1.24619   1.70625e+09
-26.5445  -4.21713    1.18852   1.70625e+09
-26.5156  -4.16972    1.13053   1.70625e+09
-26.4653  -4.13246    1.07371   1.70625e+09
-26.4152  -4.10081    1.01185   1.70625e+09
-26.3678  -4.06214    0.948381   1.70625e+09
-26.321  -4.03479    0.873754   1.70625e+09
-10010 -10010 -10010 -10010
-26.2883  -4.01301    0.797934   1.70625e+09
-26.2371  -3.97221    0.723479   1.70625e+09
-26.1862  -3.93359    0.651652   1.70625e+09
-26.1484  -3.90283    0.590541   1.70625e+09
-26.1124  -3.88452    0.544272   1.70625e+09
-26.0742  -3.84977    0.512633   1.70625e+09
-26.0303  -3.82498    0.49696   1.70625e+09
-25.9837  -3.79756    0.486531   1.70625e+09
-25.9354  -3.78152    0.483973   1.70625e+09
-25.8947  -3.76411    0.480081   1.70625e+09
-25.8515  -3.74171    0.474996   1.70625e+09
-25.804  -3.73079    0.471706   1.70625e+09
-25.759  -3.71372    0.468839   1.70625e+09
-25.709  -3.69785    0.467463   1.70625e+09
-25.6659  -3.6891    0.465876   1.70625e+09
-25.6198  -3.66952    0.462989   1.70625e+09
-25.5749  -3.65553    0.461036   1.70625e+09
-25.5209  -3.6398    0.459373   1.70625e+09
-25.4764  -3.62054    0.456656   1.70625e+09
-25.4355  -3.60969    0.454657   1.70625e+09
-25.2505  -3.54441    0.4438   1.70625e+09
-25.2132  -3.53365    0.430044   1.70625e+09
-25.1706  -3.52382    0.407862   1.70625e+09
-25.1255  -3.51214    0.389479   1.70625e+09
-25.0878  -3.49149    0.374326   1.70625e+09
-24.828  -3.41217    0.35234   1.70625e+09
-24.7965  -3.40454    0.351543   1.70625e+09
-24.7583  -3.38706    0.350925   1.70625e+09
-24.7194  -3.38014    0.348487   1.70625e+09
-24.3813  -3.27738    0.257692   1.70625e+09
-24.3353  -3.27081    0.248404   1.70625e+09
-24.289  -3.26842    0.227705   1.70625e+09
-24.2379  -3.25648    0.191183   1.70625e+09
-24.1894  -3.24616    0.155701   1.70625e+09
-24.1338  -3.24416    0.125279   1.70625e+09
-24.0767  -3.23391    0.105946   1.70625e+09
-24.0094  -3.22606    0.10319   1.70625e+09
-23.9405  -3.21645    0.108912   1.70625e+09
-23.8672  -3.2111    0.116561   1.70625e+09
-23.7935  -3.20084    0.114098   1.70625e+09
-23.7141  -3.19906    0.114008   1.70625e+09
-23.6366  -3.18884    0.120134   1.70625e+09
-23.5721  -3.18683    0.121875   1.70625e+09
-23.4953  -3.18592    0.122795   1.70625e+09
-23.4296  -3.18646    0.116198   1.70625e+09
-23.3554  -3.1855    0.0993398   1.70625e+09
-23.2815  -3.18005    0.0930772   1.70625e+09
-23.2019  -3.16733    0.0942218   1.70625e+09
-23.1208  -3.16156    0.0976894   1.70625e+09
-23.0423  -3.15615    0.102191   1.70625e+09
-22.9754  -3.15049    0.104865   1.70625e+09
-22.9006  -3.14747    0.109851   1.70625e+09
-22.83  -3.1425    0.115983   1.70625e+09
-22.753  -3.13015    0.120511   1.70625e+09
-22.6814  -3.12703    0.126682   1.70625e+09
-22.6075  -3.11615    0.133573   1.70625e+09
-22.5301  -3.11179    0.138925   1.70625e+09
-22.4498  -3.10816    0.144222   1.70625e+09
-22.3804  -3.09615    0.150392   1.70625e+09
-22.3083  -3.08373    0.15472   1.70625e+09
-22.2299  -3.07055    0.158866   1.70625e+09
-22.1584  -3.05536    0.162221   1.70625e+09
-22.0884  -3.0407    0.163936   1.70625e+09
-22.0093  -3.032    0.166352   1.70625e+09
-21.9348  -3.02374    0.165958   1.70625e+09
-21.8648  -3.01367    0.167741   1.70625e+09
-21.7884  -3.00571    0.168893   1.70625e+09
-21.7162  -2.99452    0.169825   1.70625e+09
-21.64  -2.9829    0.1682   1.70625e+09
-21.5694  -2.97018    0.167763   1.70625e+09
-21.4928  -2.95213    0.167741   1.70625e+09
-21.4182  -2.93819    0.168823   1.70625e+09
-21.335  -2.91784    0.168928   1.70625e+09
-21.2675  -2.91075    0.169494   1.70625e+09
-21.199  -2.89649    0.166845   1.70625e+09
-21.1223  -2.8825    0.16898   1.70625e+09
-21.0529  -2.87073    0.168662   1.70625e+09
-20.9781  -2.86216    0.167497   1.70625e+09
-20.9087  -2.85317    0.167719   1.70625e+09
-20.8341  -2.83618    0.168617   1.70625e+09
-20.768  -2.82076    0.167264   1.70625e+09
-20.6971  -2.80798    0.168538   1.70625e+09
-20.6239  -2.79717    0.168511   1.70625e+09
-20.5388  -2.78213    0.168298   1.70625e+09
-20.4633  -2.77161    0.16956   1.70625e+09
-20.3932  -2.75481    0.170609   1.70625e+09
-20.3142  -2.74405    0.169678   1.70625e+09
-20.2434  -2.72872    0.168629   1.70625e+09
-20.1812  -2.71839    0.169654   1.70625e+09
-20.1099  -2.70087    0.168589   1.70625e+09
-20.0405  -2.68579    0.169454   1.70625e+09
-19.9625  -2.67204    0.170153   1.70625e+09
-19.8886  -2.65857    0.169014   1.70625e+09
-19.8164  -2.64468    0.168118   1.70625e+09
-19.7472  -2.63256    0.167515   1.70625e+09
-19.6729  -2.62213    0.167708   1.70625e+09
-19.5949  -2.61296    0.174961   1.70625e+09
-19.5268  -2.60012    0.183587   1.70625e+09
-19.4489  -2.58392    0.190844   1.70625e+09
-19.3725  -2.57    0.196876   1.70625e+09
-19.2972  -2.55209    0.204442   1.70625e+09
-19.2231  -2.5397    0.21118   1.70625e+09
-19.1523  -2.52341    0.221503   1.70625e+09
-19.0739  -2.50714    0.230041   1.70625e+09
-18.9958  -2.487    0.237033   1.70625e+09
-18.9262  -2.47222    0.238346   1.70625e+09
-18.855  -2.4548    0.233323   1.70625e+09
-18.7934  -2.44026    0.208622   1.70625e+09
-18.7217  -2.41748    0.161899   1.70625e+09
-18.6477  -2.40378    0.124314   1.70625e+09
-18.5822  -2.39283    0.100509   1.70625e+09
-18.5059  -2.38762    0.0884606   1.70625e+09
-18.436  -2.38063    0.0812565   1.70625e+09
-18.3556  -2.3792    0.075609   1.70625e+09
-18.2746  -2.37296    0.0704238   1.70625e+09
-18.2023  -2.37076    0.0647913   1.70625e+09
-18.127  -2.36709    0.0599131   1.70625e+09
-18.049  -2.36478    0.0481632   1.70625e+09
-17.9766  -2.36824    0.0422274   1.70625e+09
-17.8903  -2.36726    0.0375929   1.70625e+09
-17.8151  -2.36207    0.0354664   1.70625e+09
-17.7379  -2.35864    0.0299238   1.70625e+09
-17.6633  -2.3622    0.0263189   1.70625e+09
-17.5916  -2.36644    0.0249012   1.70625e+09
-17.5196  -2.36368    0.0223541   1.70625e+09
-17.4426  -2.36331    0.0178704   1.70625e+09
-17.3658  -2.36992    0.013394   1.70625e+09
-17.292  -2.37322    0.00924652   1.70625e+09
-17.2098  -2.37088    0.00554781   1.70625e+09
-17.1385  -2.36758    0.00325607   1.70625e+09
-17.0604  -2.36853    0.000668282   1.70625e+09
-16.9848  -2.37473    -0.00211349   1.70625e+09
-16.9044  -2.37985    -0.00369589   1.70625e+09
-16.8378  -2.37814    -0.00671851   1.70625e+09
-16.7673  -2.38278    -0.00794995   1.70625e+09
-16.6904  -2.38632    -0.00285619   1.70625e+09
-16.6021  -2.37976    0.00816547   1.70625e+09
-16.5246  -2.37756    0.0324171   1.70625e+09
-16.4391  -2.3723    0.0673611   1.70625e+09
-16.3588  -2.36402    0.101844   1.70625e+09
-16.2923  -2.35894    0.117361   1.70625e+09
-16.2276  -2.34314    0.121704   1.70625e+09
-16.1584  -2.32971    0.127914   1.70625e+09
-16.0855  -2.3293    0.131601   1.70625e+09
-16.0075  -2.31847    0.141305   1.70625e+09
-15.9179  -2.30629    0.164675   1.70625e+09
-15.8433  -2.28941    0.185248   1.70625e+09
-15.7798  -2.28089    0.194081   1.70625e+09
-15.7145  -2.26611    0.200038   1.70625e+09
-15.6511  -2.25553    0.205562   1.70625e+09
-15.577  -2.23197    0.207415   1.70625e+09
-15.5119  -2.21931    0.196432   1.70625e+09
-15.4473  -2.20807    0.178876   1.70625e+09
-15.3735  -2.19817    0.16009   1.70625e+09
-15.286  -2.18485    0.14096   1.70625e+09
-15.1968  -2.16975    0.13292   1.70625e+09
-15.1138  -2.16373    0.127046   1.70625e+09
-15.0341  -2.16056    0.120723   1.70625e+09
-14.9529  -2.15501    0.116007   1.70625e+09
-14.8759  -2.15372    0.112301   1.70625e+09
-14.8063  -2.14823    0.109425   1.70625e+09
-14.7376  -2.13931    0.106518   1.70625e+09
-14.6569  -2.13188    0.103595   1.70625e+09
-14.5854  -2.13187    0.100992   1.70625e+09
-14.4985  -2.12252    0.0961787   1.70625e+09
-14.4261  -2.12263    0.0946642   1.70625e+09
-14.3463  -2.11677    0.090933   1.70625e+09
-14.275  -2.10918    0.0884548   1.70625e+09
-14.2143  -2.10856    0.0861554   1.70625e+09
-14.1348  -2.09527    0.0829902   1.70625e+09
-14.0565  -2.09217    0.08348   1.70625e+09
-13.9858  -2.0889    0.0800664   1.70625e+09
-13.9071  -2.08538    0.0763887   1.70625e+09
-13.8308  -2.0855    0.0737322   1.70625e+09
-13.7556  -2.08137    0.0709407   1.70625e+09
-13.6888  -2.07226    0.0687101   1.70625e+09
-13.6141  -2.06552    0.0671318   1.70625e+09
-13.5513  -2.06526    0.0653965   1.70625e+09
-13.4759  -2.06058    0.0614729   1.70625e+09
-13.4018  -2.06124    0.0600898   1.70625e+09
-13.3311  -2.06065    0.0563886   1.70625e+09
-13.2627  -2.05749    0.0537433   1.70625e+09
-13.1898  -2.05473    0.0469422   1.70625e+09
-13.1202  -2.05537    0.03192   1.70625e+09
-13.041  -2.0551    0.0153194   1.70625e+09
-12.9637  -2.05823    -0.00225693   1.70625e+09
-12.874  -2.05794    -0.0199242   1.70625e+09
-12.7934  -2.06429    -0.0309508   1.70625e+09
-12.7155  -2.07076    -0.0386608   1.70625e+09
-12.6359  -2.07607    -0.0433521   1.70625e+09
-12.5552  -2.07952    -0.0470962   1.70625e+09
-12.4826  -2.0802    -0.0500479   1.70625e+09
-12.4066  -2.09186    -0.0487155   1.70625e+09
-12.327  -2.09556    -0.0449955   1.70625e+09
-12.2567  -2.10243    -0.039519   1.70625e+09
-12.1903  -2.10921    -0.0346502   1.70625e+09
-12.119  -2.11556    -0.0291279   1.70625e+09
-12.0446  -2.119    -0.0261102   1.70625e+09
-11.9661  -2.12241    -0.021801   1.70625e+09
-11.89  -2.12223    -0.0138986   1.70625e+09
-11.8198  -2.12121    -0.00336734   1.70625e+09
-11.7393  -2.1255    0.0065163   1.70625e+09
-11.6596  -2.12638    0.0191858   1.70625e+09
-11.5843  -2.128    0.034412   1.70625e+09
-11.504  -2.12457    0.0497794   1.70625e+09
-11.4296  -2.12081    0.0676217   1.70625e+09
-11.3598  -2.10849    0.0862425   1.70625e+09
-11.2916  -2.10149    0.105701   1.70625e+09
-11.2213  -2.08784    0.129472   1.70625e+09
-11.1436  -2.07456    0.160468   1.70625e+09
-11.0767  -2.06329    0.180252   1.70625e+09
-11.0151  -2.04844    0.194298   1.70625e+09
-10.9395  -2.02741    0.200849   1.70625e+09
-10.8655  -2.01342    0.204236   1.70625e+09
-10.7878  -1.98946    0.207148   1.70625e+09
-10.7091  -1.9673    0.208229   1.70625e+09
-10.6331  -1.95539    0.210564   1.70625e+09
-10.5604  -1.93281    0.212487   1.70625e+09
-10.483  -1.92393    0.212838   1.70625e+09
-10.4137  -1.89947    0.210801   1.70625e+09
-10.3482  -1.88917    0.203587   1.70625e+09
-10.2758  -1.88609    0.19644   1.70625e+09
-10.2002  -1.87327    0.19003   1.70625e+09
-10.1208  -1.85408    0.182328   1.70625e+09
-10.0454  -1.83723    0.177291   1.70625e+09
-9.97249  -1.82534    0.173881   1.70625e+09
-9.89887  -1.81684    0.169024   1.70625e+09
-9.81709  -1.80186    0.166466   1.70625e+09
-9.74382  -1.79372    0.161504   1.70625e+09
-9.67016  -1.79058    0.145627   1.70625e+09
-9.6032  -1.78663    0.12669   1.70625e+09
-9.51309  -1.77247    0.115099   1.70625e+09
-9.43448  -1.77009    0.108842   1.70625e+09
-9.35954  -1.76952    0.104384   1.70625e+09
-9.27311  -1.75586    0.10175   1.70625e+09
-9.19855  -1.74705    0.0988213   1.70625e+09
-9.13094  -1.74051    0.0938527   1.70625e+09
-9.05671  -1.73718    0.0898117   1.70625e+09
-8.97924  -1.72951    0.0881841   1.70625e+09
-8.90327  -1.72393    0.085195   1.70625e+09
-8.83111  -1.71623    0.0813954   1.70625e+09
-8.76704  -1.70907    0.0782084   1.70625e+09
-8.68993  -1.7059    0.0761813   1.70625e+09
-8.61287  -1.70512    0.0728074   1.70625e+09
-8.54565  -1.69703    0.0703808   1.70625e+09
-8.46855  -1.69587    0.0671416   1.70625e+09
-8.39567  -1.69535    0.0640534   1.70625e+09
-8.31789  -1.69526    0.0612435   1.70625e+09
-8.24391  -1.69054    0.0572307   1.70625e+09
-8.1683  -1.68391    0.0553479   1.70625e+09
-8.09261  -1.67623    0.0515804   1.70625e+09
-8.01908  -1.67244    0.0502965   1.70625e+09
-7.94458  -1.66678    0.0471626   1.70625e+09
-7.86149  -1.66767    0.0427297   1.70625e+09
-7.79007  -1.66671    0.0404158   1.70625e+09
-7.71557  -1.66652    0.0379268   1.70625e+09
-7.64322  -1.66755    0.0379062   1.70625e+09
-7.56583  -1.66022    0.0394227   1.70625e+09
-7.49122  -1.65262    0.0401502   1.70625e+09
-7.41874  -1.6503    0.042354   1.70625e+09
-7.35089  -1.65218    0.0448139   1.70625e+09
-7.27738  -1.64696    0.044832   1.70625e+09
-7.19573  -1.64378    0.0473575   1.70625e+09
-7.12566  -1.64106    0.0536176   1.70625e+09
-7.05077  -1.6368    0.0630864   1.70625e+09
-6.97439  -1.63471    0.0723897   1.70625e+09
-6.91015  -1.62641    0.0842702   1.70625e+09
-6.83308  -1.6092    0.100375   1.70625e+09
-6.75554  -1.60277    0.112925   1.70625e+09
-6.68283  -1.58753    0.124825   1.70625e+09
-6.61408  -1.58465    0.133562   1.70625e+09
-6.53668  -1.57212    0.137716   1.70625e+09
-6.46744  -1.56543    0.140279   1.70625e+09
-6.39379  -1.55287    0.141131   1.70625e+09
-6.3203  -1.5406    0.145244   1.70625e+09
-6.24828  -1.52323    0.151791   1.70625e+09
-6.18003  -1.50827    0.161245   1.70625e+09
-6.10835  -1.49681    0.173024   1.70625e+09
-6.02984  -1.48149    0.183494   1.70625e+09
-5.95695  -1.47163    0.192502   1.70625e+09
-5.88785  -1.45764    0.194856   1.70625e+09
-5.81707  -1.44301    0.199293   1.70625e+09
-5.74468  -1.42972    0.202217   1.70625e+09
-5.66994  -1.41115    0.203924   1.70625e+09
-5.58876  -1.39983    0.205788   1.70625e+09
-5.51636  -1.38917    0.210526   1.70625e+09
-5.43778  -1.37289    0.217423   1.70625e+09
-5.36025  -1.36033    0.22382   1.70625e+09
-5.29222  -1.34786    0.225492   1.70625e+09
-5.22095  -1.32774    0.228271   1.70625e+09
-5.1534  -1.31173    0.229259   1.70625e+09
-5.08288  -1.29819    0.232183   1.70625e+09
-5.00702  -1.27823    0.232142   1.70625e+09
-4.93286  -1.265    0.232621   1.70625e+09
-4.84843  -1.2539    0.235232   1.70625e+09
-4.77795  -1.23363    0.234244   1.70625e+09
-4.70359  -1.21675    0.235505   1.70625e+09
-4.62761  -1.20314    0.235333   1.70625e+09
-4.55108  -1.18698    0.237035   1.70625e+09
-4.47222  -1.17075    0.238544   1.70625e+09
-4.39941  -1.15176    0.238335   1.70625e+09
-4.33717  -1.13139    0.238786   1.70625e+09
-4.26058  -1.11257    0.238538   1.70625e+09
-4.18252  -1.09393    0.238541   1.70625e+09
-4.10706  -1.0749    0.238049   1.70625e+09
-4.02709  -1.0534    0.238458   1.70625e+09
-3.94172  -1.04681    0.239161   1.70625e+09
-3.87416  -1.02856    0.226797   1.70625e+09
-3.80213  -1.01218    0.205416   1.70625e+09
-3.72776  -1.00643    0.185461   1.70625e+09
-3.64847  -0.992368    0.175638   1.70625e+09
-3.57895  -0.976893    0.167324   1.70625e+09
-3.51291  -0.966116    0.160881   1.70625e+09
-3.44115  -0.954231    0.15681   1.70625e+09
-3.35595  -0.944199    0.156165   1.70625e+09
-3.28597  -0.928451    0.156505   1.70625e+09
-3.21667  -0.918986    0.158011   1.70625e+09
-3.14019  -0.913225    0.157639   1.70625e+09
-3.06155  -0.904419    0.15897   1.70625e+09
-2.98486  -0.893406    0.161004   1.70625e+09
-2.90314  -0.878839    0.173981   1.70625e+09
-2.83438  -0.866581    0.188377   1.70625e+09
-2.75351  -0.852014    0.207514   1.70625e+09
-2.6849  -0.832169    0.229362   1.70625e+09
-2.62944  -0.807485    0.245146   1.70625e+09
-2.55527  -0.788333    0.262277   1.70625e+09
-2.49241  -0.76783    0.277595   1.70625e+09
-2.41514  -0.757213    0.292726   1.70625e+09
-2.34201  -0.72988    0.3122   1.70625e+09
-2.28132  -0.706557    0.332081   1.70625e+09
-2.21052  -0.686463    0.353252   1.70625e+09
-2.14336  -0.657522    0.375664   1.70625e+09
-2.0736  -0.623145    0.396047   1.70625e+09
-2.00399  -0.59691    0.418427   1.70625e+09
-1.94123  -0.563032    0.438074   1.70625e+09
-1.87859  -0.528482    0.457635   1.70625e+09
-1.82477  -0.490891    0.462168   1.70625e+09
-1.75337  -0.457536    0.462707   1.70625e+09
-1.68482  -0.427051    0.451745   1.70625e+09
-1.6279  -0.39399    0.419194   1.70625e+09
-1.55448  -0.370804    0.363517   1.70625e+09
-1.46569  -0.34794    0.297696   1.70625e+09
-1.39396  -0.337453    0.23209   1.70625e+09
-1.31592  -0.322249    0.168719   1.70625e+09
-1.23581  -0.308067    0.10073   1.70625e+09
-1.16269  -0.304619    0.0380311   1.70625e+09
-1.07885  -0.306173    -0.0158143   1.70625e+09
-1.00084  -0.311629    -0.050232   1.70625e+09
-0.934365  -0.318123    -0.0650129   1.70625e+09
-0.863975  -0.303406    -0.0196478   1.70625e+09
-0.771848  -0.296942    0.0565343   1.70625e+09
-0.687763  -0.284255    0.116848   1.70625e+09
-0.610694  -0.270624    0.128087   1.70625e+09
-0.556029  -0.269299    0.122724   1.70625e+09
-0.481709  -0.259538    0.12015   1.70625e+09
-0.416743  -0.249971    0.117668   1.70625e+09
-0.346579  -0.249972    0.117765   1.70625e+09
-0.277542  -0.251044    0.117902   1.70625e+09
-0.20085  -0.238951    0.118071   1.70625e+09
-0.130648  -0.225627    0.117619   1.70625e+09
-0.0694253  -0.22425    0.119188   1.70625e+09
-0.026085  -0.221594    0.117179   1.70625e+09
0.00690048  -0.231958    0.118024   1.70625e+09
0.0335693  -0.241077    0.119473   1.70625e+09
0.0474313  -0.252226    0.119695   1.70625e+09
0.0472235  -0.253101    0.120099   1.70625e+09
-10010 -10010 -10010 -10010