0 0
1 0
2 0
3 0
4 0
5 0
6 0
7 0
8 0
9 0
10 0
11 0
12 0
13 0
14 0
15 0
16 0
17 0
18 0
19 0
20 0
21 0
22 0
23 0
24 0
25 0
26 0
27 0
28 0
29 0
30 0
31 0
32 0
33 0
34 0
35 0
36 0
37 0
38 0
39 0
40 0
41 0
42 0
43 0
44 0
45 0
46 0
47 0
48 0
49 0
50 0
51 0
52 0
53 0
54 0
55 0
56 0
57 0
58 0
59 0
60 0
61 0
62 0
63 0
64 0
65 0
66 0
67 0
68 0
69 0
70 0
71 0
72 0
73 0
74 0
75 0
76 0
77 0
78 0
79 0
80 0
81 0
82 0
83 0
84 0
85 0
86 0
87 0
88 0
89 0
90 0
91 0
92 0
93 0
94 0
95 0
96 0
97 0
98 0
99 0
100 0
101 0
102 0
103 0
104 0
105 0
106 0
107 0
108 0
109 0
110 0
111 0
112 0
113 0
114 0
115 0
116 0
117 0
118 0
119 0
120 0
121 0
122 0
123 0
124 0
125 0
126 0
127 0
128 0
129 0
130 0
131 0
132 0
133 0
134 0
135 0
136 0
137 0
138 0
139 0
140 0
141 0
142 0
143 0
144 0
145 0
146 0
147 0
148 0
149 0
150 0
151 0
152 0
153 0
154 0
155 0
156 0
157 0
158 0
159 0
160 0
161 0
162 0
163 0
164 0
165 0
166 0
167 0
168 0
169 0
170 0
171 0
172 0
173 0
174 0
175 0
176 0
177 0
178 0
179 0
180 0
181 0
182 0
183 0
184 0
185 0
186 0
187 0
188 0
189 0
190 0
191 0
192 0
193 0
194 0
195 0
196 0
197 0
198 0
199 0
200 0
201 0
202 0
203 0
204 0
205 0
206 0
207 0
208 0
209 0
210 0
211 0
212 0
213 0
214 0
215 0
216 0
217 0
218 0
219 0
220 0
221 0
222 0
223 0
224 0
225 0
226 0
227 0
228 0
229 0
230 0
231 0
232 0
233 0
234 0
235 0
236 0
237 0
238 0
239 0
240 0
241 0
242 0
243 0
244 0
245 0
246 0
247 0
248 0
249 0
250 0
251 0
252 0
253 0
254 0
255 0
256 0
257 0
258 0
259 0
260 0
261 0
262 0
263 0
264 0
265 0
266 0
267 0
268 0
269 0
270 0
271 0
272 0
273 0
274 0
275 0
276 0
277 0
278 0
279 0
280 0
281 0
282 0
283 0
284 0
285 0
286 0
287 0
288 0
289 0
290 0
291 0
292 0
293 0
294 0
295 0
296 0
297 0
298 0
299 0
300 0
301 0
302 0
303 0
304 0
305 0
306 0
307 0
308 0
309 0
310 0
311 0
312 0
313 0
314 0
315 0
316 0
317 0
318 0
319 0
320 0
321 0
322 0
323 0
324 0
325 0
326 0
327 0
328 0
329 0
330 0
331 0
332 0
333 0
334 0
335 0
336 0
337 0
338 0
339 0
340 0
341 0
342 0
343 0
344 0
345 0
346 0
347 0
348 0
349 0
350 0
351 0
352 0
353 0
354 0
355 0
356 0
357 0
358 0
359 0
360 0
361 0
362 0
363 0
364 0
365 0
366 0
367 0
368 0
369 0
370 0
371 0
372 0
373 0
374 0
375 0
376 0
377 0
378 0
379 0
380 0
381 0
382 0
383 0
384 0
385 0
386 0
387 0
388 0
389 0
390 0
391 0
392 0
393 0
394 0
395 0
396 0
397 0
398 0
399 0
400 0
401 0
402 0
403 0
404 0
405 0
406 0
407 0
408 0
409 0
410 0
411 0
412 0
413 0
414 0
415 0
416 0
417 0
418 0
419 0
420 0
421 0
422 0
423 0
424 0
425 0
426 0
427 0
428 0
429 0
430 0
431 0
432 0
433 0
434 0
435 0
436 0
437 0
438 0
439 0
440 0
441 0
442 0
443 0
444 0
445 0
446 0
447 0
448 0
449 0
450 0
451 0
452 0
453 0
454 0
455 0
456 0
457 0
458 0
459 0
460 0
461 0
462 0
463 0
464 0
465 0
466 0
467 0
468 0
469 0
470 0
471 0
472 0
473 0
474 0
475 0
476 0
477 0
478 0
479 0
480 0
481 0
482 0
483 0
484 0
485 0
486 0
487 0
488 0
489 0
490 0
491 0
492 0
493 0
494 0
495 0
496 0
497 0
498 0
499 0
500 0
501 0
502 0
503 0
504 0
505 0
506 0
507 0
508 0
509 0
510 0
511 0
512 0
513 0
514 0
515 0
516 0
517 0
518 0
519 0
520 0
521 0
522 0
523 0
524 0
525 0
526 0
527 0
528 0
529 0
530 0
531 0
532 0
533 0
534 0
535 0
536 0
537 0
538 0
539 0
540 0
541 0
542 0
543 0
544 0
545 0
546 0
547 0
548 0
549 0
550 0
551 0
552 0
553 0
554 0
555 0
556 0
557 0
558 0
559 0
560 0
561 0
562 0
563 0
564 0
565 0
566 0
567 0
568 0
569 0
570 0
571 0
572 0
573 0
574 0
575 0
576 0
577 0
578 0
579 0
580 0
581 0
582 0
583 0
584 0
585 0
586 0
587 0
588 0
589 0
590 0
591 0
592 0
593 0
594 0
595 0
596 0
597 0
598 0
599 0
600 0
601 0
602 0
603 0
604 0
605 0
606 0
607 0
608 0
609 0
610 0
611 0
612 0
613 0
614 0
615 0
616 0
617 0
618 0
619 0
620 0
621 0
622 0
623 0
624 0
625 0
626 0
627 0
628 0
629 0
630 0
631 0
632 0
633 0
634 0
635 0
636 0
637 0
638 0
639 0
640 0
641 0
642 0
643 0
644 0
645 0
646 0
647 0
648 0
649 0
650 0
651 0
652 0
653 0
654 0
655 0
656 0
657 0
658 0
659 0
660 0
661 0
662 0
663 0
664 0
665 0
666 0
667 0
668 0
669 0
670 0
671 0
672 0
673 0
674 0
675 0
676 0
677 0
678 0
679 0
680 0
681 0
682 0
683 0
684 0
685 0
686 0
687 0
688 0
689 0
690 0
691 0
692 0
693 0
694 0
695 0
696 0
697 0
698 0
699 0
700 0
701 0
702 0
703 0
704 0
705 0
706 0
707 0
708 0
709 0
710 0
711 0
712 0
713 0
714 0
715 0
716 0
717 0
718 0
719 0
720 0
721 0
722 0
723 0
724 0
725 0
726 0
727 0
728 0
729 0
730 0
731 0
732 0
733 0
734 0
735 0
736 0
737 0
738 0
739 0
740 0
741 0
742 0
743 0
744 0
745 0
746 0
747 0
748 0
749 0
750 0
751 0
752 0
753 0
754 0
755 0
756 0
757 0
758 0
759 0
760 0
761 0
762 0
763 0
764 0
765 0
766 0
767 0
768 0
769 0
770 0
771 0
772 0
773 0
774 0
775 0
776 0
777 0
778 0
779 0
780 0
781 0
782 0
783 0
784 0
785 0
786 0
787 0
788 0
789 0
790 0
791 0
792 0
793 0
794 0
795 0
796 0
797 0
798 0
799 0
800 0
801 0
802 0
803 0
804 0
805 0
806 0
807 0
808 0
809 0
810 0
811 0
812 0
813 0
814 0
815 0
816 0
817 0
818 0
819 0
820 0
821 0
822 0
823 0
824 0
825 0
826 0
827 0
828 0
829 0
830 0
831 0
832 0
833 0
834 0
835 0
836 0
837 0
838 0
839 0
840 0
841 0
842 0
843 0
844 0
845 0
846 0
847 0
848 0
849 0
850 0
851 0
852 0
853 0
854 0
855 0
856 0
857 0
858 0
859 0
860 0
861 0
862 0
863 0
864 0
865 0
866 0
867 0
868 0
869 0
870 0
871 0
872 0
873 0
874 0
875 0
876 0
877 0
878 0
879 0
880 0
881 0
882 0
883 0
884 0
885 0
886 0
887 0
888 0
889 0
890 0
891 0
892 0
893 0
894 0
895 0
896 0
897 0
898 0
899 0
900 0
901 0
902 0
903 0
904 0
905 0
906 0
907 0
908 0
909 0
910 0
911 0
912 0
913 0
914 0
915 0
916 0
917 0
918 0
919 0
920 0
921 0
922 0
923 0
924 0
925 0
926 0
927 0
928 0
929 0
930 0
931 0
932 0
933 0
934 0
935 0
936 0
937 0
938 0
939 0
940 0
941 0
942 0
943 0
944 0
945 0
946 0
947 0
948 0
949 0
950 0
951 0
952 0
953 0
954 0
955 0
956 0
957 0
958 0
959 0
960 0
961 0
962 0
963 0
964 0
965 0
966 0
967 0
968 0
969 0
970 0
971 0
972 0
973 0
974 0
975 0
976 0
977 0
978 0
979 0
980 0
981 0
982 0
983 0
984 0
985 0
986 0
987 0
988 0
989 0
990 0
991 0
992 0
993 0
994 0
995 0
996 0
997 0
998 0
999 0
1000 0
1001 0
1002 0
1003 0
1004 0
1005 0
1006 0
1007 0
1008 0
1009 0
1010 0
1011 0
1012 0
1013 0
1014 0
1015 0
1016 0
1017 0
1018 0
1019 0
1020 0
1021 0
1022 0
1023 0
1024 0
1025 0
1026 0
1027 0
1028 0
1029 0
1030 0
1031 0
1032 0
1033 0
1034 0
1035 0
1036 0
1037 0
1038 0
1039 0
1040 0
1041 0
1042 0
1043 0
1044 0
1045 0
1046 0
1047 0
1048 0
1049 0
1050 0
1051 0
1052 0
1053 0
1054 0
1055 0
1056 0
1057 0
1058 0
1059 0
1060 0
1061 0
1062 0
1063 0
1064 0
1065 0
1066 0
1067 0
1068 0
1069 0
1070 0
1071 0
1072 0
1073 0
1074 0
1075 0
1076 0
1077 0
1078 0
1079 0
1080 0
1081 0
1082 0
1083 0
1084 0
1085 0
1086 0
1087 0
1088 0
1089 0
1090 0
1091 0
1092 0
1093 0
1094 0
1095 0
1096 0
1097 0
1098 0
1099 0
1100 0
1101 0
1102 0
1103 0
1104 0
1105 0
1106 0
1107 0
1108 0
1109 0
1110 0
1111 0
1112 0
1113 0
1114 0
1115 0
1116 0
1117 0
1118 0
1119 0
1120 0
1121 0
1122 0
1123 0
1124 0
1125 0
1126 0
1127 0
1128 0
1129 0
1130 0
1131 0
1132 0
1133 0
1134 0
1135 0
1136 0
1137 0
1138 0
1139 0
1140 0
1141 0
1142 0
1143 0
1144 0
1145 0
1146 0
1147 0
1148 0
1149 0
1150 0
1151 0
1152 0
1153 0
1154 0
1155 0
1156 0
1157 0
1158 0
1159 0
1160 0
1161 0
1162 0
1163 0
1164 0
1165 0
1166 0
1167 0
1168 0
1169 0
1170 0
1171 0
1172 0
1173 0
1174 0
1175 0
1176 0
1177 0
1178 0
1179 0
1180 0
1181 0
1182 0
1183 0
1184 0
1185 0
1186 0
1187 0
1188 0
1189 0
1190 0
1191 0
1192 0
1193 0
1194 0
1195 0
1196 0
1197 0
1198 0
1199 0
1200 0
1201 0
1202 0
1203 0
1204 0
1205 0
1206 0
1207 0
1208 0
1209 0
1210 0
1211 0
1212 0
1213 0
1214 0
1215 0
1216 0
1217 0
1218 0
1219 0
1220 0
1221 0
1222 0
1223 0
1224 0
1225 0
1226 0
1227 0
1228 0
1229 0
1230 0
1231 0
1232 0
1233 0
1234 0
1235 0
1236 0
1237 0
1238 0
1239 0
1240 0
1241 0
1242 0
1243 0
1244 0
1245 0
1246 0
1247 0
1248 0
1249 0
1250 0
1251 0
1252 0
1253 0
1254 0
1255 0
1256 0
1257 0
1258 0
1259 0
1260 0
1261 0
1262 0
1263 0
1264 0
1265 0
1266 0
1267 0
1268 0
1269 0
1270 0
1271 0
1272 0
1273 0
1274 0
1275 0
1276 0
1277 0
1278 0
1279 0
1280 0
1281 0
1282 0
1283 0
1284 0
1285 0
1286 0
1287 0
1288 0
1289 0
1290 0
1291 0
1292 0
1293 0
1294 0
1295 0
1296 0
1297 0
1298 0
1299 0
1300 0
1301 0
1302 0
1303 0
1304 0
1305 0
1306 0
1307 0
1308 0
1309 0
1310 0
1311 0
1312 0
1313 0
1314 0
1315 0
1316 0
1317 0
1318 0
1319 0
1320 0
1321 0
1322 0
1323 0
1324 0
1325 0
1326 0
1327 0
1328 0
1329 0
1330 0
1331 0
1332 0
1333 0
1334 0
1335 0
1336 0
1337 0
1338 0
1339 0
1340 0
1341 0
1342 0
1343 0
1344 0
1345 0
1346 0
1347 0
1348 0
1349 0
1350 0
1351 0
1352 0
1353 0
1354 0
1355 0
1356 0
1357 0
1358 0
1359 0
1360 0
1361 0
1362 0
1363 0
1364 0
1365 0
1366 0
1367 0
1368 0
1369 0
1370 0
1371 0
1372 0
1373 0
1374 0
1375 0
1376 0
1377 0
1378 0
1379 0
1380 0
1381 0
1382 0
1383 0
1384 0
1385 0
1386 0
1387 0
1388 0
1389 0
1390 0
1391 0
1392 0
1393 0
1394 0
1395 0
1396 0
1397 0
1398 0
1399 0
1400 0
1401 0
1402 0
1403 0
1404 0
1405 0
1406 0
1407 0
1408 0
1409 0
1410 0
1411 0
1412 0
1413 0
1414 0
1415 0
1416 0
1417 0
1418 0
1419 0
1420 0
1421 0
1422 0
1423 0
1424 0
1425 0
1426 0
1427 0
1428 0
1429 0
1430 0
1431 0
1432 0
1433 0
1434 0
1435 0
1436 0
1437 0
1438 0
1439 0
1440 0
1441 0
1442 0
1443 0
1444 0
1445 0
1446 0
1447 0
1448 0
1449 0
1450 0
1451 0
1452 0
1453 0
1454 0
1455 0
1456 0
1457 0
1458 0
1459 0
1460 0
1461 0
1462 0
1463 0
1464 0
1465 0
1466 0
1467 0
1468 0
1469 0
1470 0
1471 0
1472 0
1473 0
1474 0
1475 0
1476 0
1477 0
1478 0
1479 0
1480 0
1481 0
1482 0
1483 0
1484 0
1485 0
1486 0
1487 0
1488 0
1489 0
1490 0
1491 0
1492 0
1493 0
1494 0
1495 0
1496 0
1497 0
1498 0
1499 0
1500 0
1501 0
1502 0
1503 0
1504 0
1505 0
1506 0
1507 0
1508 0
1509 0
1510 0
1511 0
1512 0
1513 0
1514 0
1515 0
1516 0
1517 0
1518 0
1519 0
1520 0
1521 0
1522 0
1523 0
1524 0
1525 0
1526 0
1527 0
1528 0
1529 0
1530 0
1531 0
1532 0
1533 0
1534 0
1535 0
1536 0
1537 0
1538 0
1539 0
1540 0
1541 0
1542 0
1543 0
1544 0
1545 0
1546 0
1547 0
1548 0
1549 0
1550 0
1551 0
1552 0
1553 0
1554 0
1555 0
1556 0
1557 0
1558 0
1559 0
1560 0
1561 0
1562 0
1563 0
1564 0
1565 0
1566 0
1567 0
1568 0
1569 0
1570 0
1571 0
1572 0
1573 0
1574 0
1575 0
1576 0
1577 0
1578 0
1579 0
1580 0
1581 0
1582 0
1583 0
1584 0
1585 0
1586 0
1587 0
1588 0
1589 0
1590 0
1591 0
1592 0
1593 0
1594 0
1595 0
1596 0
1597 0
1598 0
1599 0
1600 0
1601 0
1602 0
1603 0
1604 0
1605 0
1606 0
1607 0
1608 0
1609 0
1610 0
1611 0
1612 0
1613 0
1614 0
1615 0
1616 0
1617 0
1618 0
1619 0
1620 0
1621 0
1622 0
1623 0
1624 0
1625 0
1626 0
1627 0
1628 0
1629 0
1630 0
1631 0
1632 0
1633 0
1634 0
1635 0
1636 0
1637 0
1638 0
1639 0
1640 0
1641 0
1642 0
1643 0
1644 0
1645 0
1646 0
1647 0
1648 0
1649 0
1650 0
1651 0
1652 0
1653 0
1654 0
1655 0
1656 0
1657 0
1658 0
1659 0
1660 0
1661 0
1662 0
1663 0
1664 0
1665 0
1666 0
1667 0
1668 0
1669 0
1670 0
1671 0
1672 0
1673 0
1674 0
1675 0
1676 0
1677 0
1678 0
1679 0
1680 0
1681 0
1682 0
1683 0
1684 0
1685 0
1686 0
1687 0
1688 0
1689 0
1690 0
1691 0
1692 0
1693 0
1694 0
1695 0
1696 0
1697 0
1698 0
1699 0
1700 0
1701 0
1702 0
1703 0
1704 0
1705 0
1706 0
1707 0
1708 0
1709 0
1710 0
1711 0
1712 0
1713 0
1714 0
1715 0
1716 0
1717 0
1718 0
1719 0
1720 0
1721 0
1722 0
1723 0
1724 0
1725 0
1726 0
1727 0
1728 0
1729 0
1730 0
1731 0
1732 0
1733 0
1734 0
1735 0
1736 0
1737 0
1738 0
1739 0
1740 0
1741 0
1742 0
1743 0
1744 0
1745 0
1746 0
1747 0
1748 0
1749 0
1750 0
1751 0
1752 0
1753 0
1754 0
1755 0
1756 0
1757 0
1758 0
1759 0
1760 0
1761 0
1762 0
1763 0
1764 0
1765 0
1766 0
1767 0
1768 0
1769 0
1770 0
1771 0
1772 0
1773 0
1774 0
1775 0
1776 0
1777 0
1778 0
1779 0
1780 0
1781 0
1782 0
1783 0
1784 0
1785 0
1786 0
1787 0
1788 0
1789 0
1790 0
1791 0
1792 0
1793 0
1794 0
1795 0
1796 0
1797 0
1798 0
1799 0
1800 0
1801 0
1802 0
1803 0
1804 0
1805 0
1806 0
1807 0
1808 0
1809 0
1810 0
1811 0
1812 0
1813 0
1814 0
1815 0
1816 0
1817 0
1818 0
1819 0
1820 0
1821 0
1822 0
1823 0
1824 0
1825 0
1826 0
1827 0
1828 0
1829 0
1830 0
1831 0
1832 0
1833 0
1834 0
1835 0
1836 0
1837 0
1838 0
1839 0
1840 0
1841 0
1842 0
1843 0
1844 0
1845 0
1846 0
1847 0
1848 0
1849 0
1850 0
1851 0
1852 0
1853 0
1854 0
1855 0
1856 0
1857 0
1858 0
1859 0
1860 0
1861 0
1862 0
1863 0
1864 0
1865 0
1866 0
1867 0
1868 0
1869 0
1870 0
1871 0
1872 0
1873 0
1874 0
1875 0
1876 0
1877 0
1878 0
1879 0
1880 0
1881 0
1882 0
1883 0
1884 0
1885 0
1886 0
1887 0
1888 0
1889 0
1890 0
1891 0
1892 0
1893 0
1894 0
1895 0
1896 0
1897 0
1898 0
1899 0
1900 0
1901 0
1902 0
1903 0
1904 0
1905 0
1906 0
1907 0
1908 0
1909 0
1910 0
1911 0
1912 0
1913 0
1914 0
1915 0
1916 0
1917 0
1918 0
1919 0
1920 0
1921 0
1922 0
1923 0
1924 0
1925 0
1926 0
1927 0
1928 0
1929 0
1930 0
1931 0
1932 0
1933 0
1934 0
1935 0
1936 0
1937 0
1938 0
1939 0
1940 0
1941 0
1942 0
1943 0
1944 0
1945 0
1946 0
1947 0
1948 0
1949 0
1950 0
1951 0
1952 0
1953 0
1954 0
1955 0
1956 0
1957 0
1958 0
1959 0
1960 0
1961 0
1962 0
1963 0
1964 0
1965 0
1966 0
1967 0
1968 0
1969 0
1970 0
1971 0
1972 0
1973 0
1974 0
1975 0
1976 0
1977 0
1978 0
1979 0
1980 0
1981 0
1982 0
1983 0
1984 0
1985 0
1986 0
1987 0
1988 0
1989 0
1990 0
1991 0
1992 0
1993 0
1994 0
1995 0
1996 0
1997 0
1998 0
1999 0
2000 0
2001 0
2002 0
2003 0
2004 0
2005 0
2006 0
2007 0
2008 0
2009 0
2010 0
2011 0
2012 0
2013 0
2014 0
2015 0
2016 0
2017 0
2018 0
2019 0
2020 0
2021 0
2022 0
2023 0
2024 0
2025 0
2026 0
2027 0
2028 0
2029 0
2030 0
2031 0
2032 0
2033 0
2034 0
2035 0
2036 0
2037 0
2038 0
2039 0
2040 0
2041 0
2042 0
2043 0
2044 0
2045 0
2046 0
2047 0
2048 0
2049 0
2050 0
2051 0
2052 0
2053 0
2054 0
2055 0
2056 0
2057 0
2058 0
2059 0
2060 0
2061 0
2062 0
2063 0
2064 0
2065 0
2066 0
2067 0
2068 0
2069 0
2070 0
2071 0
2072 0
2073 0
2074 0
2075 0
2076 0
2077 0
2078 0
2079 0
2080 0
2081 0
2082 0
2083 0
2084 0
2085 0
2086 0
2087 0
2088 0
2089 0
2090 0
2091 0
2092 0
2093 0
2094 0
2095 0
2096 0
2097 0
2098 0
2099 0
2100 0
2101 0
2102 0
2103 0
2104 0
2105 0
2106 0
2107 0
2108 0
2109 0
2110 0
2111 0
2112 0
2113 0
2114 0
2115 0
2116 0
2117 0
2118 0
2119 0
2120 0
2121 0
2122 0
2123 0
2124 0
2125 0
2126 0
2127 0
2128 0
2129 0
2130 0
2131 0
2132 0
2133 0
2134 0
2135 0
2136 0
2137 0
2138 0
2139 0
2140 0
2141 0
2142 0
2143 0
2144 0
2145 0
2146 0
2147 0
2148 0
2149 0
2150 0
2151 0
2152 0
2153 0
2154 0
2155 0
2156 0
2157 0
2158 0
2159 0
2160 0
2161 0
2162 0
2163 0
2164 0
2165 0
2166 0
2167 0
2168 0
2169 0
2170 0
2171 0
2172 0
2173 0
2174 0
2175 0
2176 0
2177 0
2178 0
2179 0
2180 0
2181 0
2182 0
2183 0
2184 0
2185 0
2186 0
2187 0
2188 0
2189 0
2190 0
2191 0
2192 0
2193 0
2194 0
2195 0
2196 0
2197 0
2198 0
2199 0
2200 0
2201 0
2202 0
2203 0
2204 0
2205 0
2206 0
2207 0
2208 0
2209 0
2210 0
2211 0
2212 0
2213 0
2214 0
2215 0
2216 0
2217 0
2218 0
2219 0
2220 0
2221 0
2222 0
2223 0
2224 0
2225 0
2226 0
2227 0
2228 0
2229 0
2230 0
2231 0
2232 0
2233 0
2234 0
2235 0
2236 0
2237 0
2238 0
2239 0
2240 0
2241 0
2242 0
2243 0
2244 0
2245 0
2246 0
2247 0
2248 0
2249 0
2250 0
2251 0
2252 0
2253 0
2254 0
2255 0
2256 0
2257 0
2258 0
2259 0
2260 0
2261 0
2262 0
2263 0
2264 0
2265 0
2266 0
2267 0
2268 0
2269 0
2270 0
2271 0
2272 0
2273 0
2274 0
2275 0
2276 0
2277 0
2278 0
2279 0
2280 0
2281 0
2282 0
2283 0
2284 0
2285 0
2286 0
2287 0
2288 0
2289 0
2290 0
2291 0
2292 0
2293 0
2294 0
2295 0
2296 0
2297 0
2298 0
2299 0
2300 0
2301 0
2302 0
2303 0
2304 0
2305 0
2306 0
2307 0
2308 0
2309 0
2310 0
2311 0
2312 0
2313 0
2314 0
2315 0
2316 0
2317 0
2318 0
2319 0
2320 0
2321 0
2322 0
2323 0
2324 0
2325 0
2326 0
2327 0
2328 0
2329 0
2330 0
2331 0
2332 0
2333 0
2334 0
2335 0
2336 0
2337 0
2338 0
2339 0
2340 0
2341 0
2342 0
2343 0
2344 0
2345 0
2346 0
2347 0
2348 0
2349 0
2350 0
2351 0
2352 0
2353 0
2354 0
2355 0
2356 0
2357 0
2358 0
2359 0
2360 0
2361 0
2362 0
2363 0
2364 0
2365 0
2366 0
2367 0
2368 0
2369 0
2370 0
2371 0
2372 0
2373 0
2374 0
2375 0
2376 0
2377 0
2378 0
2379 0
2380 0
2381 0
2382 0
2383 0
2384 0
2385 0
2386 0
2387 0
2388 0
2389 0
2390 0
2391 0
2392 0
2393 0
2394 0
2395 0
2396 0
2397 0
2398 0
2399 0
2400 0
2401 0
2402 0
2403 0
2404 0
2405 0
2406 0
2407 0
2408 0
2409 0
2410 0
2411 0
2412 0
2413 0
2414 0
2415 0
2416 0
2417 0
2418 0
2419 0
2420 0
2421 0
2422 0
2423 0
2424 0
2425 0
2426 0
2427 0
2428 0
2429 0
2430 0
2431 0
2432 0
2433 0
2434 0
2435 0
2436 0
2437 0
2438 0
2439 0
2440 0
2441 0
2442 0
2443 0
2444 0
2445 0
2446 0
2447 0
2448 0
2449 0
2450 0
2451 0
2452 0
2453 0
2454 0
2455 0
2456 0
2457 0
2458 0
2459 0
2460 0
2461 0
2462 0
2463 0
2464 0
2465 0
2466 0
2467 0
2468 0
2469 0
2470 0
2471 0
2472 0
2473 0
2474 0
2475 0
2476 0
2477 0
2478 0
2479 0
2480 0
2481 0
2482 0
2483 0
2484 0
2485 0
2486 0
2487 0
2488 0
2489 0
2490 0
2491 0
2492 0
2493 0
2494 0
2495 0
2496 0
2497 0
2498 0
2499 0
2500 0
2501 0
2502 0
2503 0
2504 0
2505 0
2506 0
2507 0
2508 0
2509 0
2510 0
2511 0
2512 0
2513 0
2514 0
2515 0
2516 0
2517 0
2518 0
2519 0
2520 0
2521 0
2522 0
2523 0
2524 0
2525 0
2526 0
2527 0
2528 0
2529 0
2530 0
2531 0
2532 0
2533 0
2534 0
2535 0
2536 0
2537 0
2538 0
2539 0
2540 0
2541 0
2542 0
2543 0
2544 0
2545 0
2546 0
2547 0
2548 0
2549 0
2550 0
2551 0
2552 0
2553 0
2554 0
2555 0
2556 0
2557 0
2558 0
2559 0
2560 0
2561 0
2562 0
2563 0
2564 0
2565 0
2566 0
2567 0
2568 0
2569 0
2570 0
2571 0
2572 0
2573 0
2574 0
2575 0
2576 0
2577 0
2578 0
2579 0
2580 0
2581 0
2582 0
2583 0
2584 0
2585 0
2586 0
2587 0
2588 0
2589 0
2590 0
2591 0
2592 0
2593 0
2594 0
2595 0
2596 0
2597 0
2598 0
2599 0
2600 0
2601 0
2602 0
2603 0
2604 0
2605 0
2606 0
2607 0
2608 0
2609 0
2610 0
2611 0
2612 0
2613 0
2614 0
2615 0
2616 0
2617 0
2618 0
2619 0
2620 0
2621 0
2622 0
2623 0
2624 0
2625 0
2626 0
2627 0
2628 0
2629 0
2630 0
2631 0
2632 0
2633 0
2634 0
2635 0
2636 0
2637 0
2638 0
2639 0
2640 0
2641 0
2642 0
2643 0
2644 0
2645 0
2646 0
2647 0
2648 0
2649 0
2650 0
2651 0
2652 0
2653 0
2654 0
2655 0
2656 0
2657 0
2658 0
2659 0
2660 0
2661 0
2662 0
2663 0
2664 0
2665 0
2666 0
2667 0
2668 0
2669 0
2670 0
2671 0
2672 0
2673 0
2674 0
2675 0
2676 0
2677 0
2678 0
2679 0
2680 0
2681 0
2682 0
2683 0
2684 0
2685 0
2686 0
2687 0
2688 0
2689 0
2690 0
2691 0
2692 0
2693 0
2694 0
2695 0
2696 0
2697 0
2698 0
2699 0
2700 0
2701 0
2702 0
2703 0
2704 0
2705 0
2706 0
2707 0
2708 0
2709 0
2710 0
2711 0
2712 0
2713 0
2714 0
2715 0
2716 0
2717 0
2718 0
2719 0
2720 0
2721 0
2722 0
2723 0
2724 0
2725 0
2726 0
2727 0
2728 0
2729 0
2730 0
2731 0
2732 0
2733 0
2734 0
2735 0
2736 0
2737 0
2738 0
2739 0
2740 0
2741 0
2742 0
2743 0
2744 0
2745 0
2746 0
2747 0
2748 0
2749 0
2750 0
2751 0
2752 0
2753 0
2754 0
2755 0
2756 0
2757 0
2758 0
2759 0
2760 0
2761 0
2762 0
2763 0
2764 0
2765 0
2766 0
2767 0
2768 0
2769 0
2770 0
2771 0
2772 0
2773 0
2774 0
2775 0
2776 0
2777 0
2778 0
2779 0
2780 0
2781 0
2782 0
2783 0
2784 0
2785 0
2786 0
2787 0
2788 0
2789 0
2790 0
2791 0
2792 0
2793 0
2794 0
2795 0
2796 0
2797 0
2798 0
2799 0
2800 0
2801 0
2802 0
2803 0
2804 0
2805 0
2806 0
2807 0
2808 0
2809 0
2810 0
2811 0
2812 0
2813 0
2814 0
2815 0
2816 0
2817 0
2818 0
2819 0
2820 0
2821 0
2822 0
2823 0
2824 0
2825 0
2826 0
2827 0
2828 0
2829 0
2830 0
2831 0
2832 0
2833 0
2834 0
2835 0
2836 0
2837 0
2838 0
2839 0
2840 0
2841 0
2842 0
2843 0
2844 0
2845 0
2846 0
2847 0
2848 0
2849 0
2850 0
2851 0
2852 0
2853 0
2854 0
2855 0
2856 0
2857 0
2858 0
2859 0
2860 0
2861 0
2862 0
2863 0
2864 0
2865 0
2866 0
2867 0
2868 0
2869 0
2870 0
2871 0
2872 0
2873 0
2874 0
2875 0
2876 0
2877 0
2878 0
2879 0
2880 0
2881 0
2882 0
2883 0
2884 0
2885 0
2886 0
2887 0
2888 0
2889 0
2890 0
2891 0
2892 0
2893 0
2894 0
2895 0
2896 0
2897 0
2898 0
2899 0
2900 0
2901 0
2902 0
2903 0
2904 0
2905 0
2906 0
2907 0
2908 0
2909 0
2910 0
2911 0
2912 0
2913 0
2914 0
2915 0
2916 0
2917 0
2918 0
2919 0
2920 0
2921 0
2922 0
2923 0
2924 0
2925 0
2926 0
2927 0
2928 0
2929 0
2930 0
2931 0
2932 0
2933 0
2934 0
2935 0
2936 0
2937 0
2938 0
2939 0
2940 0
2941 0
2942 0
2943 0
2944 0
2945 0
2946 0
2947 0
2948 0
2949 0
2950 0
2951 0
2952 0
2953 0
2954 0
2955 0
2956 0
2957 0
2958 0
2959 0
2960 0
2961 0
2962 0
2963 0
2964 0
2965 0
2966 0
2967 0
2968 0
2969 0
2970 0
2971 0
2972 0
2973 0
2974 0
2975 0
2976 0
2977 0
2978 0
2979 0
2980 0
2981 0
2982 0
2983 0
2984 0
2985 0
2986 0
2987 0
2988 0
2989 0
2990 0
2991 0
2992 0
2993 0
2994 0
2995 0
2996 0
2997 0
2998 0
2999 0
3000 0
3001 0
3002 0
3003 0
3004 0
3005 0
3006 0
3007 0
3008 0
3009 0
3010 0
3011 0
3012 0
3013 0
3014 0
3015 0
3016 0
3017 0
3018 0
3019 0
3020 0
3021 0
3022 0
3023 0
3024 0
3025 0
3026 0
3027 0
3028 0
3029 0
3030 0
3031 0
3032 0
3033 0
3034 0
3035 0
3036 0
3037 0
3038 0
3039 0
3040 0
3041 0
3042 0
3043 0
3044 0
3045 0
3046 0
3047 0
3048 0
3049 0
3050 0
3051 0
3052 0
3053 0
3054 0
3055 0
3056 0
3057 0
3058 0
3059 0
3060 0
3061 0
3062 0
3063 0
3064 0
3065 0
3066 0
3067 0
3068 0
3069 0
3070 0
3071 0
3072 0
3073 0
3074 0
3075 0
3076 0
3077 0
3078 0
3079 0
3080 0
3081 0
3082 0
3083 0
3084 0
3085 0
3086 0
3087 10
3088 10
3089 11
3090 10
3091 10
3092 12
3093 13
3094 11
3095 11
3096 10
3097 10
3098 11
3099 13
3100 13
3101 12
3102 10
3103 10
3104 10
3105 12
3106 13
3107 18
3108 14
3109 13
3110 13
3111 12
3112 13
3113 20
3114 28
3115 17
3116 22
3117 13
3118 18
3119 20
3120 17
3121 18
3122 21
3123 22
3124 25
3125 24
3126 18
3127 20
3128 22
3129 33
3130 25
3131 27
3132 19
3133 20
3134 19
3135 26
3136 12
3137 11
3138 10
3139 10
3140 12
3141 13
3142 13
3143 12
3144 10
3145 10
3146 11
3147 13
3148 14
3149 28
3150 14
3151 14
3152 11
3153 13
3154 20
3155 21
3156 19
3157 20
3158 20
3159 16
3160 20
3161 16
3162 18
3163 26
3164 26
3165 25
3166 25
3167 14
3168 17
3169 20
3170 28
3171 26
3172 27
3173 21
3174 20
3175 19
3176 27
3177 27
3178 30
3179 29
3180 22
3181 20
3182 26
3183 24
3184 21
3185 17
3186 17
3187 16
3188 17
3189 17
3190 26
3191 32
3192 18
3193 15
3194 16
3195 24
3196 25
3197 26
3198 22
3199 25
3200 16
3201 22
3202 20
3203 16
3204 21
3205 28
3206 26
3207 26
3208 17
3209 16
3210 20
3211 27
3212 27
3213 29
3214 27
3215 20
3216 19
3217 27
3218 27
3219 20
3220 30
3221 24
3222 22
3223 29
3224 26
3225 19
3226 21
3227 23
3228 31
3229 30
3230 25
3231 22
3232 21
3233 21
3234 21
3235 20
3236 28
3237 29
3238 27
3239 29
3240 31
3241 22
3242 28
3243 28
3244 21
3245 26
3246 30
3247 31
3248 28
3249 29
3250 20
3251 21
3252 20
3253 28
3254 30
3255 30
3256 23
3257 21
3258 28
3259 27
3260 22
3261 21
3262 25
3263 22
3264 30
3265 27
3266 19
3267 21
3268 21
3269 31
3270 31
3271 22
3272 22
3273 21
3274 21
3275 20
3276 32
3277 24
3278 23
3279 21
3280 20
3281 19
3282 19
3283 28
3284 29
3285 22
3286 25
3287 31
3288 31
3289 32
3290 29
3291 21
3292 23
3293 22
3294 30
3295 31
3296 24
3297 25
3298 22
3299 22
3300 30
3301 27
3302 24
3303 22
3304 23
3305 31
3306 30
3307 20
3308 20
3309 21
3310 20
3311 32
3312 25
3313 22
3314 21
3315 21
3316 20
3317 20
3318 25
3319 23
3320 22
3321 21
3322 20
3323 19
3324 20
3325 24
3326 23
3327 22
3328 22
3329 21
3330 21
3331 20
3332 24
3333 24
3334 23
3335 31
3336 32
3337 25
3338 25
3339 24
3340 23
3341 31
3342 31
3343 24
3344 23
3345 23
3346 32
3347 31
3348 23
3349 22
3350 21
3351 21
3352 20
3353 30
3354 23
3355 21
3356 21
3357 20
3358 20
3359 20
3360 24
3361 22
3362 22
3363 20
3364 19
3365 20
3366 21
3367 23
3368 22
3369 22
3370 21
3371 21
3372 20
3373 20
3374 22
3375 22
3376 21
3377 21
3378 20
3379 20
3380 20
3381 24
3382 32
3383 33
3384 25
3385 24
3386 24
3387 23
3388 32
3389 30
3390 25
3391 24
3392 23
3393 22
3394 22
3395 25
3396 24
3397 23
3398 22
3399 22
3400 22
3401 21
3402 24
3403 23
3404 22
3405 22
3406 21
3407 21
3408 20
3409 22
3410 22
3411 22
3412 21
3413 20
3414 20
3415 20
3416 22
3417 22
3418 21
3419 20
3420 20
3421 20
3422 20
3423 22
3424 21
3425 20
3426 20
3427 20
3428 20
3429 20
3430 13
3431 12
3432 12
3433 13
3434 15
3435 15
3436 15
3437 13
3438 12
3439 13
3440 13
3441 15
3442 22
3443 27
3444 16
3445 15
3446 14
3447 15
3448 22
3449 18
3450 19
3451 22
3452 22
3453 22
3454 22
3455 15
3456 20
3457 28
3458 23
3459 26
3460 27
3461 19
3462 20
3463 20
3464 29
3465 27
3466 28
3467 20
3468 20
3469 20
3470 26
3471 28
3472 29
3473 28
3474 21
3475 22
3476 26
3477 20
3478 20
3479 18
3480 18
3481 18
3482 21
3483 21
3484 28
3485 30
3486 20
3487 18
3488 19
3489 27
3490 23
3491 28
3492 29
3493 22
3494 24
3495 26
3496 19
3497 19
3498 20
3499 29
3500 26
3501 27
3502 19
3503 20
3504 20
3505 28
3506 28
3507 28
3508 29
3509 20
3510 20
3511 22
3512 28
3513 21
3514 31
3515 23
3516 23
3517 29
3518 21
3519 20
3520 21
3521 23
3522 30
3523 29
3524 22
3525 21
3526 21
3527 20
3528 23
3529 21
3530 28
3531 29
3532 28
3533 25
3534 30
3535 22
3536 28
3537 21
3538 20
3539 24
3540 30
3541 31
3542 29
3543 28
3544 19
3545 20
3546 21
3547 28
3548 29
3549 30
3550 23
3551 21
3552 21
3553 27
3554 20
3555 21
3556 23
3557 22
3558 29
3559 27
3560 20
3561 21
3562 21
3563 25
3564 30
3565 22
3566 21
3567 21
3568 20
3569 20
3570 27
3571 24
3572 23
3573 22
3574 20
3575 19
3576 19
3577 28
3578 23
3579 20
3580 23
3581 30
3582 31
3583 32
3584 29
3585 20
3586 22
3587 22
3588 29
3589 32
3590 24
3591 23
3592 22
3593 23
3594 29
3595 22
3596 22
3597 22
3598 22
3599 30
3600 28
3601 20
3602 21
3603 21
3604 20
3605 31
3606 24
3607 22
3608 21
3609 21
3610 20
3611 20
3612 26
3613 24
3614 22
3615 20
3616 19
3617 19
3618 20
3619 24
3620 23
3621 22
3622 22
3623 21
3624 21
3625 20
3626 22
3627 23
3628 23
3629 30
3630 32
3631 25
3632 24
3633 23
3634 24
3635 30
3636 26
3637 24
3638 23
3639 23
3640 31
3641 30
3642 22
3643 22
3644 21
3645 20
3646 20
3647 23
3648 24
3649 21
3650 21
3651 20
3652 20
3653 20
3654 24
3655 23
3656 22
3657 20
3658 19
3659 20
3660 21
3661 23
3662 22
3663 22
3664 21
3665 21
3666 20
3667 20
3668 22
3669 22
3670 21
3671 21
3672 20
3673 20
3674 20
3675 24
3676 31
3677 31
3678 25
3679 24
3680 24
3681 23
3682 31
3683 24
3684 24
3685 23
3686 23
3687 22
3688 22
3689 25
3690 24
3691 23
3692 22
3693 22
3694 22
3695 22
3696 24
3697 22
3698 22
3699 21
3700 21
3701 21
3702 20
3703 22
3704 22
3705 21
3706 21
3707 20
3708 20
3709 20
3710 22
3711 22
3712 21
3713 20
3714 20
3715 20
3716 20
3717 21
3718 21
3719 20
3720 20
3721 20
3722 20
3723 20
3724 25
3725 24
3726 23
3727 23
3728 22
3729 22
3730 22
3731 24
3732 23
3733 22
3734 22
3735 22
3736 21
3737 20
3738 23
3739 22
3740 22
3741 21
3742 21
3743 20
3744 20
3745 22
3746 22
3747 21
3748 20
3749 20
3750 20
3751 20
3752 22
3753 21
3754 21
3755 20
3756 20
3757 20
3758 20
3759 21
3760 20
3761 20
3762 20
3763 20
3764 20
3765 20
3766 20
3767 20
3768 20
3769 20
3770 20
3771 20
3772 20
3773 18
3774 19
3775 19
3776 20
3777 28
3778 28
3779 25
3780 19
3781 19
3782 20
3783 27
3784 21
3785 26
3786 28
3787 26
3788 27
3789 24
3790 20
3791 20
3792 21
3793 29
3794 27
3795 28
3796 20
3797 21
3798 20
3799 28
3800 30
3801 30
3802 27
3803 28
3804 20
3805 25
3806 28
3807 25
3808 31
3809 26
3810 23
3811 29
3812 20
3813 19
3814 24
3815 26
3816 35
3817 28
3818 22
3819 20
3820 21
3821 20
3822 22
3823 20
3824 28
3825 21
3826 26
3827 24
3828 30
3829 26
3830 28
3831 21
3832 20
3833 22
3834 29
3835 30
3836 29
3837 21
3838 22
3839 21
3840 22
3841 30
3842 31
3843 30
3844 26
3845 21
3846 25
3847 30
3848 22
3849 29
3850 30
3851 30
3852 29
3853 22
3854 21
3855 22
3856 21
3857 33
3858 30
3859 22
3860 20
3861 21
3862 20
3863 20
3864 25
3865 22
3866 22
3867 22
3868 20
3869 19
3870 20
3871 28
3872 21
3873 21
3874 22
3875 30
3876 31
3877 37
3878 29
3879 21
3880 21
3881 21
3882 30
3883 28
3884 31
3885 28
3886 24
3887 22
3888 29
3889 22
3890 29
3891 22
3892 29
3893 27
3894 25
3895 21
3896 20
3897 21
3898 20
3899 31
3900 24
3901 20
3902 21
3903 20
3904 20
3905 19
3906 25
3907 23
3908 22
3909 21
3910 19
3911 20
3912 21
3913 24
3914 22
3915 22
3916 22
3917 21
3918 21
3919 20
3920 22
3921 23
3922 22
3923 30
3924 32
3925 32
3926 30
3927 30
3928 23
3929 30
3930 23
3931 24
3932 29
3933 21
3934 29
3935 30
3936 22
3937 20
3938 23
3939 20
3940 20
3941 24
3942 22
3943 21
3944 20
3945 20
3946 20
3947 20
3948 23
3949 23
3950 21
3951 20
3952 19
3953 20
3954 20
3955 22
3956 22
3957 22
3958 21
3959 21
3960 20
3961 20
3962 22
3963 22
3964 21
3965 21
3966 20
3967 20
3968 20
3969 24
3970 31
3971 24
3972 23
3973 30
3974 23
3975 21
3976 31
3977 23
3978 22
3979 22
3980 21
3981 21
3982 21
3983 24
3984 21
3985 22
3986 21
3987 21
3988 20
3989 21
3990 23
3991 22
3992 21
3993 20
3994 20
3995 20
3996 20
3997 22
3998 22
3999 21
4000 21
4001 20
4002 20
4003 20
4004 22
4005 21
4006 21
4007 20
4008 20
4009 20
4010 20
4011 21
4012 21
4013 20
4014 20
4015 20
4016 20
4017 20
4018 25
4019 23
4020 23
4021 22
4022 22
4023 22
4024 22
4025 23
4026 23
4027 22
4028 22
4029 22
4030 21
4031 20
4032 22
4033 22
4034 22
4035 21
4036 21
4037 20
4038 20
4039 22
4040 22
4041 21
4042 19
4043 20
4044 20
4045 20
4046 22
4047 20
4048 19
4049 19
4050 19
4051 20
4052 20
4053 20
4054 19
4055 19
4056 19
4057 19
4058 19
4059 20
4060 19
4061 19
4062 19
4063 19
4064 19
4065 20
4066 20
4067 23
4068 22
4069 22
4070 22
4071 21
4072 20
4073 20
4074 22
4075 22
4076 21
4077 21
4078 20
4079 20
4080 20
4081 22
4082 21
4083 20
4084 19
4085 20
4086 20
4087 20
4088 21
4089 19
4090 15
4091 15
4092 15
4093 20
4094 20
4095 19
4096 15
4097 15
4098 15
4099 15
4100 16
4101 19
4102 15
4103 15
4104 15
4105 15
4106 15
4107 15
4108 16
4109 15
4110 15
4111 15
4112 15
4113 15
4114 15
4115 15
4116 22
4117 22
4118 27
4119 23
4120 23
4121 25
4122 30
4123 28
4124 29
4125 20
4126 22
4127 21
4128 29
4129 29
4130 29
4131 23
4132 22
4133 21
4134 25
4135 31
4136 31
4137 31
4138 24
4139 21
4140 28
4141 26
4142 22
4143 23
4144 28
4145 32
4146 29
4147 22
4148 20
4149 22
4150 20
4151 38
4152 25
4153 22
4154 20
4155 21
4156 20
4157 19
4158 25
4159 23
4160 22
4161 21
4162 20
4163 19
4164 21
4165 28
4166 23
4167 21
4168 23
4169 30
4170 31
4171 39
4172 29
4173 23
4174 21
4175 23
4176 31
4177 24
4178 30
4179 27
4180 22
4181 25
4182 28
4183 22
4184 29
4185 22
4186 34
4187 29
4188 24
4189 21
4190 20
4191 20
4192 20
4193 29
4194 23
4195 21
4196 21
4197 20
4198 19
4199 19
4200 23
4201 24
4202 21
4203 21
4204 19
4205 20
4206 21
4207 24
4208 22
4209 22
4210 21
4211 21
4212 20
4213 20
4214 24
4215 22
4216 22
4217 30
4218 26
4219 32
4220 27
4221 30
4222 26
4223 30
4224 23
4225 25
4226 23
4227 22
4228 30
4229 25
4230 22
4231 20
4232 22
4233 20
4234 20
4235 25
4236 22
4237 22
4238 20
4239 20
4240 19
4241 20
4242 23
4243 23
4244 21
4245 20
4246 20
4247 21
4248 20
4249 22
4250 22
4251 22
4252 21
4253 20
4254 20
4255 20
4256 22
4257 22
4258 21
4259 21
4260 20
4261 20
4262 20
4263 27
4264 30
4265 23
4266 22
4267 29
4268 22
4269 22
4270 28
4271 23
4272 21
4273 22
4274 21
4275 21
4276 21
4277 23
4278 22
4279 21
4280 21
4281 19
4282 20
4283 21
4284 23
4285 22
4286 21
4287 19
4288 20
4289 20
4290 20
4291 22
4292 22
4293 21
4294 21
4295 20
4296 20
4297 20
4298 22
4299 21
4300 21
4301 20
4302 20
4303 20
4304 20
4305 21
4306 20
4307 20
4308 20
4309 20
4310 20
4311 20
4312 24
4313 23
4314 23
4315 22
4316 22
4317 22
4318 22
4319 23
4320 22
4321 22
4322 22
4323 21
4324 21
4325 20
4326 22
4327 22
4328 21
4329 21
4330 20
4331 20
4332 20
4333 22
4334 22
4335 21
4336 19
4337 19
4338 20
4339 20
4340 21
4341 20
4342 19
4343 19
4344 19
4345 19
4346 20
4347 20
4348 19
4349 19
4350 19
4351 19
4352 19
4353 20
4354 19
4355 19
4356 19
4357 19
4358 20
4359 20
4360 20
4361 23
4362 22
4363 22
4364 21
4365 21
4366 20
4367 20
4368 22
4369 22
4370 21
4371 20
4372 20
4373 20
4374 20
4375 22
4376 21
4377 19
4378 19
4379 19
4380 20
4381 20
4382 20
4383 19
4384 15
4385 15
4386 15
4387 20
4388 20
4389 19
4390 15
4391 15
4392 15
4393 15
4394 15
4395 19
4396 15
4397 15
4398 15
4399 15
4400 15
4401 15
4402 16
4403 15
4404 15
4405 15
4406 15
4407 15
4408 15
4409 16
4410 22
4411 21
4412 21
4413 20
4414 20
4415 20
4416 20
4417 21
4418 20
4419 19
4420 19
4421 20
4422 20
4423 20
4424 19
4425 15
4426 15
4427 15
4428 15
4429 19
4430 20
4431 15
4432 15
4433 15
4434 15
4435 15
4436 15
4437 19
4438 15
4439 15
4440 15
4441 15
4442 15
4443 15
4444 15
4445 15
4446 15
4447 15
4448 15
4449 15
4450 15
4451 15
4452 15
4453 15
4454 15
4455 15
4456 15
4457 15
4458 15
4459 29
4460 21
4461 22
4462 22
4463 30
4464 31
4465 39
4466 28
4467 22
4468 21
4469 26
4470 31
4471 24
4472 24
4473 24
4474 22
4475 29
4476 24
4477 22
4478 26
4479 22
4480 36
4481 29
4482 22
4483 20
4484 21
4485 20
4486 20
4487 25
4488 23
4489 22
4490 21
4491 20
4492 19
4493 19
4494 23
4495 24
4496 21
4497 21
4498 19
4499 21
4500 21
4501 23
4502 22
4503 22
4504 21
4505 21
4506 20
4507 20
4508 27
4509 22
4510 26
4511 31
4512 24
4513 30
4514 23
4515 30
4516 29
4517 28
4518 23
4519 24
4520 23
4521 21
4522 30
4523 24
4524 21
4525 22
4526 21
4527 21
4528 21
4529 25
4530 22
4531 22
4532 21
4533 20
4534 20
4535 20
4536 24
4537 22
4538 21
4539 20
4540 20
4541 21
4542 20
4543 22
4544 22
4545 22
4546 21
4547 20
4548 20
4549 20
4550 22
4551 22
4552 21
4553 20
4554 20
4555 20
4556 20
4557 29
4558 30
4559 23
4560 23
4561 22
4562 21
4563 21
4564 24
4565 23
4566 22
4567 22
4568 21
4569 21
4570 21
4571 23
4572 22
4573 21
4574 21
4575 20
4576 20
4577 20
4578 23
4579 22
4580 21
4581 20
4582 21
4583 20
4584 20
4585 22
4586 22
4587 21
4588 21
4589 20
4590 20
4591 20
4592 22
4593 21
4594 20
4595 20
4596 20
4597 20
4598 20
4599 20
4600 20
4601 20
4602 20
4603 20
4604 20
4605 20
4606 24
4607 24
4608 23
4609 22
4610 22
4611 21
4612 21
4613 23
4614 22
4615 22
4616 21
4617 21
4618 21
4619 20
4620 22
4621 22
4622 21
4623 21
4624 20
4625 20
4626 20
4627 22
4628 21
4629 20
4630 19
4631 19
4632 20
4633 20
4634 21
4635 20
4636 19
4637 19
4638 19
4639 19
4640 20
4641 19
4642 19
4643 19
4644 19
4645 19
4646 19
4647 20
4648 19
4649 19
4650 20
4651 20
4652 20
4653 20
4654 20
4655 22
4656 22
4657 22
4658 21
4659 21
4660 20
4661 20
4662 22
4663 22
4664 21
4665 20
4666 20
4667 20
4668 20
4669 22
4670 21
4671 19
4672 19
4673 19
4674 20
4675 20
4676 20
4677 19
4678 15
4679 15
4680 15
4681 19
4682 20
4683 15
4684 15
4685 15
4686 15
4687 15
4688 15
4689 19
4690 15
4691 15
4692 15
4693 15
4694 15
4695 15
4696 15
4697 15
4698 15
4699 15
4700 15
4701 15
4702 16
4703 17
4704 22
4705 21
4706 20
4707 20
4708 20
4709 20
4710 20
4711 21
4712 20
4713 19
4714 19
4715 19
4716 20
4717 20
4718 19
4719 15
4720 14
4721 14
4722 15
4723 19
4724 19
4725 14
4726 14
4727 14
4728 14
4729 14
4730 15
4731 17
4732 14
4733 14
4734 14
4735 14
4736 14
4737 14
4738 14
4739 14
4740 14
4741 14
4742 14
4743 14
4744 14
4745 15
4746 15
4747 15
4748 15
4749 15
4750 15
4751 15
4752 17
4753 20
4754 19
4755 19
4756 19
4757 20
4758 20
4759 20
4760 15
4761 14
4762 14
4763 14
4764 15
4765 19
4766 19
4767 14
4768 14
4769 14
4770 14
4771 14
4772 14
4773 15
4774 14
4775 14
4776 14
4777 14
4778 14
4779 14
4780 14
4781 14
4782 14
4783 14
4784 14
4785 14
4786 14
4787 16
4788 14
4789 14
4790 14
4791 14
4792 14
4793 16
4794 16
4795 15
4796 15
4797 15
4798 15
4799 16
4800 16
4801 16
4802 27
4803 22
4804 25
4805 31
4806 23
4807 30
4808 24
4809 29
4810 30
4811 26
4812 23
4813 23
4814 22
4815 21
4816 30
4817 23
4818 21
4819 22
4820 21
4821 21
4822 21
4823 24
4824 23
4825 22
4826 21
4827 20
4828 20
4829 21
4830 24
4831 22
4832 21
4833 20
4834 21
4835 21
4836 20
4837 22
4838 22
4839 22
4840 21
4841 20
4842 20
4843 20
4844 22
4845 21
4846 21
4847 20
4848 20
4849 20
4850 20
4851 27
4852 31
4853 23
4854 22
4855 22
4856 21
4857 21
4858 25
4859 22
4860 22
4861 21
4862 21
4863 21
4864 20
4865 23
4866 22
4867 21
4868 21
4869 20
4870 21
4871 20
4872 22
4873 22
4874 21
4875 20
4876 21
4877 20
4878 20
4879 22
4880 22
4881 21
4882 21
4883 20
4884 20
4885 20
4886 22
4887 21
4888 20
4889 20
4890 20
4891 20
4892 20
4893 20
4894 20
4895 20
4896 20
4897 20
4898 20
4899 20
4900 23
4901 22
4902 22
4903 22
4904 22
4905 22
4906 22
4907 23
4908 22
4909 22
4910 21
4911 21
4912 20
4913 20
4914 22
4915 22
4916 21
4917 21
4918 20
4919 20
4920 20
4921 22
4922 21
4923 20
4924 19
4925 19
4926 20
4927 20
4928 21
4929 19
4930 19
4931 19
4932 19
4933 19
4934 20
4935 19
4936 19
4937 19
4938 19
4939 19
4940 19
4941 20
4942 20
4943 20
4944 20
4945 20
4946 20
4947 20
4948 20
4949 22
4950 22
4951 22
4952 21
4953 21
4954 20
4955 20
4956 22
4957 22
4958 21
4959 20
4960 20
4961 20
4962 20
4963 21
4964 20
4965 19
4966 19
4967 19
4968 20
4969 20
4970 20
4971 19
4972 14
4973 14
4974 15
4975 19
4976 20
4977 15
4978 14
4979 14
4980 14
4981 14
4982 15
4983 19
4984 15
4985 15
4986 15
4987 15
4988 15
4989 15
4990 15
4991 15
4992 15
4993 15
4994 16
4995 16
4996 16
4997 19
4998 22
4999 21
5000 20
5001 20
5002 20
5003 20
5004 20
5005 21
5006 19
5007 19
5008 19
5009 19
5010 20
5011 20
5012 19
5013 14
5014 14
5015 14
5016 15
5017 19
5018 19
5019 14
5020 14
5021 14
5022 14
5023 14
5024 15
5025 15
5026 14
5027 14
5028 14
5029 14
5030 14
5031 14
5032 15
5033 14
5034 14
5035 14
5036 14
5037 14
5038 15
5039 15
5040 15
5041 15
5042 15
5043 15
5044 15
5045 16
5046 17
5047 20
5048 19
5049 19
5050 19
5051 19
5052 19
5053 19
5054 15
5055 14
5056 14
5057 14
5058 15
5059 19
5060 19
5061 14
5062 11
5063 11
5064 11
5065 14
5066 14
5067 14
5068 11
5069 11
5070 11
5071 11
5072 11
5073 14
5074 14
5075 11
5076 11
5077 11
5078 11
5079 11
5080 11
5081 13
5082 15
5083 14
5084 14
5085 14
5086 14
5087 16
5088 16
5089 16
5090 16
5091 16
5092 15
5093 16
5094 16
5095 18
5096 15
5097 15
5098 14
5099 14
5100 16
5101 15
5102 15
5103 11
5104 11
5105 11
5106 12
5107 11
5108 14
5109 15
5110 11
5111 11
5112 11
5113 11
5114 11
5115 11
5116 13
5117 12
5118 11
5119 11
5120 11
5121 11
5122 12
5123 13
5124 12
5125 12
5126 11
5127 11
5128 11
5129 13
5130 14
5131 13
5132 13
5133 13
5134 13
5135 13
5136 15
5137 15
5138 17
5139 17
5140 14
5141 18
5142 18
5143 15
5144 15
5145 22
5146 24
5147 24
5148 24
5149 23
5150 22
5151 22
5152 24
5153 23
5154 23
5155 22
5156 22
5157 22
5158 21
5159 23
5160 23
5161 22
5162 21
5163 21
5164 21
5165 20
5166 22
5167 22
5168 22
5169 21
5170 20
5171 20
5172 20
5173 22
5174 22
5175 21
5176 21
5177 20
5178 20
5179 20
5180 22
5181 21
5182 20
5183 20
5184 20
5185 20
5186 20
5187 21
5188 20
5189 20
5190 20
5191 20
5192 20
5193 20
5194 23
5195 23
5196 22
5197 22
5198 21
5199 21
5200 21
5201 23
5202 22
5203 22
5204 21
5205 21
5206 20
5207 20
5208 22
5209 22
5210 21
5211 21
5212 20
5213 20
5214 20
5215 22
5216 21
5217 21
5218 20
5219 20
5220 20
5221 20
5222 21
5223 20
5224 20
5225 20
5226 20
5227 20
5228 20
5229 20
5230 20
5231 20
5232 20
5233 20
5234 20
5235 20
5236 20
5237 20
5238 20
5239 20
5240 20
5241 20
5242 20
5243 22
5244 22
5245 21
5246 21
5247 20
5248 20
5249 20
5250 22
5251 21
5252 21
5253 20
5254 20
5255 20
5256 20
5257 21
5258 20
5259 19
5260 15
5261 19
5262 20
5263 20
5264 19
5265 15
5266 14
5267 14
5268 15
5269 17
5270 20
5271 14
5272 14
5273 14
5274 14
5275 14
5276 15
5277 19
5278 15
5279 15
5280 15
5281 15
5282 15
5283 15
5284 17
5285 17
5286 17
5287 17
5288 17
5289 17
5290 17
5291 17
5292 22
5293 21
5294 20
5295 20
5296 20
5297 20
5298 20
5299 20
5300 19
5301 17
5302 17
5303 19
5304 20
5305 20
5306 19
5307 14
5308 14
5309 14
5310 15
5311 19
5312 19
5313 14
5314 14
5315 10
5316 10
5317 14
5318 15
5319 15
5320 14
5321 13
5322 13
5323 14
5324 14
5325 14
5326 15
5327 15
5328 15
5329 15
5330 15
5331 15
5332 15
5333 16
5334 15
5335 15
5336 15
5337 15
5338 15
5339 17
5340 17
5341 19
5342 19
5343 18
5344 19
5345 19
5346 19
5347 19
5348 14
5349 14
5350 13
5351 14
5352 15
5353 17
5354 19
5355 14
5356 10
5357 10
5358 10
5359 14
5360 14
5361 14
5362 10
5363 10
5364 10
5365 10
5366 10
5367 11
5368 14
5369 10
5370 10
5371 10
5372 10
5373 10
5374 10
5375 15
5376 14
5377 14
5378 14
5379 14
5380 14
5381 16
5382 16
5383 16
5384 16
5385 17
5386 16
5387 16
5388 16
5389 18
5390 15
5391 15
5392 15
5393 15
5394 15
5395 15
5396 15
5397 12
5398 11
5399 10
5400 10
5401 12
5402 14
5403 11
5404 10
5405 10
5406 10
5407 10
5408 10
5409 10
5410 12
5411 11
5412 10
5413 10
5414 10
5415 10
5416 12
5417 12
5418 11
5419 11
5420 10
5421 10
5422 11
5423 12
5424 14
5425 13
5426 12
5427 13
5428 12
5429 12
5430 14
5431 14
5432 14
5433 16
5434 16
5435 15
5436 14
5437 19
5438 26
5439 11
5440 11
5441 11
5442 11
5443 11
5444 11
5445 12
5446 11
5447 11
5448 11
5449 11
5450 11
5451 12
5452 13
5453 11
5454 11
5455 11
5456 10
5457 10
5458 12
5459 13
5460 12
5461 12
5462 9
5463 9
5464 11
5465 13
5466 14
5467 13
5468 11
5469 12
5470 11
5471 12
5472 13
5473 25
5474 13
5475 13
5476 13
5477 13
5478 13
5479 27
5480 26
5481 14
5482 14
5483 14
5484 19
5485 26
5486 24
5487 24
5488 23
5489 23
5490 22
5491 22
5492 22
5493 21
5494 20
5495 22
5496 22
5497 22
5498 21
5499 21
5500 20
5501 20
5502 22
5503 22
5504 21
5505 20
5506 20
5507 20
5508 20
5509 22
5510 21
5511 21
5512 20
5513 20
5514 20
5515 20
5516 21
5517 20
5518 20
5519 20
5520 20
5521 20
5522 20
5523 20
5524 20
5525 20
5526 20
5527 20
5528 20
5529 20
5530 20
5531 20
5532 20
5533 20
5534 20
5535 20
5536 20
5537 22
5538 22
5539 21
5540 21
5541 20
5542 20
5543 20
5544 22
5545 21
5546 20
5547 19
5548 20
5549 20
5550 20
5551 21
5552 20
5553 19
5554 15
5555 15
5556 20
5557 20
5558 19
5559 15
5560 14
5561 14
5562 15
5563 15
5564 19
5565 14
5566 14
5567 14
5568 14
5569 15
5570 15
5571 19
5572 15
5573 15
5574 15
5575 15
5576 15
5577 15
5578 17
5579 17
5580 17
5581 17
5582 17
5583 17
5584 17
5585 19
5586 21
5587 21
5588 20
5589 19
5590 20
5591 20
5592 20
5593 20
5594 19
5595 14
5596 15
5597 17
5598 20
5599 20
5600 15
5601 14
5602 14
5603 14
5604 15
5605 17
5606 19
5607 14
5608 13
5609 10
5610 10
5611 14
5612 15
5613 15
5614 14
5615 14
5616 14
5617 14
5618 14
5619 14
5620 15
5621 15
5622 15
5623 15
5624 15
5625 15
5626 15
5627 17
5628 15
5629 15
5630 15
5631 15
5632 15
5633 17
5634 17
5635 19
5636 17
5637 14
5638 15
5639 19
5640 19
5641 19
5642 14
5643 14
5644 11
5645 14
5646 15
5647 15
5648 17
5649 14
5650 10
5651 10
5652 10
5653 14
5654 14
5655 14
5656 10
5657 10
5658 10
5659 10
5660 10
5661 10
5662 13
5663 10
5664 10
5665 10
5666 10
5667 10
5668 11
5669 15
5670 15
5671 15
5672 15
5673 15
5674 15
5675 16
5676 16
5677 16
5678 16
5679 16
5680 17
5681 16
5682 17
5683 18
5684 14
5685 12
5686 12
5687 15
5688 15
5689 15
5690 15
5691 10
5692 10
5693 10
5694 10
5695 11
5696 10
5697 11
5698 10
5699 10
5700 10
5701 10
5702 10
5703 10
5704 12
5705 11
5706 10
5707 10
5708 10
5709 10
5710 12
5711 12
5712 12
5713 11
5714 10
5715 10
5716 12
5717 12
5718 14
5719 12
5720 13
5721 13
5722 12
5723 12
5724 14
5725 20
5726 14
5727 13
5728 13
5729 15
5730 14
5731 25
5732 27
5733 12
5734 12
5735 11
5736 12
5737 12
5738 12
5739 13
5740 11
5741 11
5742 12
5743 12
5744 11
5745 13
5746 14
5747 11
5748 11
5749 10
5750 10
5751 11
5752 12
5753 14
5754 12
5755 12
5756 9
5757 9
5758 11
5759 14
5760 14
5761 13
5762 12
5763 12
5764 11
5765 12
5766 13
5767 29
5768 14
5769 14
5770 13
5771 13
5772 13
5773 26
5774 32
5775 15
5776 15
5777 15
5778 30
5779 34
5780 32
5781 33
5782 13
5783 12
5784 12
5785 12
5786 13
5787 14
5788 14
5789 12
5790 13
5791 12
5792 12
5793 14
5794 15
5795 15
5796 13
5797 12
5798 12
5799 13
5800 13
5801 15
5802 24
5803 13
5804 13
5805 13
5806 13
5807 13
5808 28
5809 26
5810 15
5811 14
5812 14
5813 13
5814 26
5815 24
5816 32
5817 21
5818 19
5819 23
5820 30
5821 25
5822 33
5823 33
5824 29
5825 37
5826 43
5827 33
5828 33
5829 34
5830 42
5831 21
5832 21
5833 21
5834 21
5835 20
5836 20
5837 20
5838 21
5839 21
5840 20
5841 19
5842 19
5843 20
5844 20
5845 21
5846 20
5847 17
5848 16
5849 17
5850 20
5851 20
5852 19
5853 16
5854 16
5855 16
5856 16
5857 17
5858 19
5859 16
5860 16
5861 17
5862 17
5863 17
5864 17
5865 19
5866 17
5867 17
5868 17
5869 17
5870 18
5871 19
5872 19
5873 19
5874 19
5875 19
5876 19
5877 19
5878 19
5879 19
5880 21
5881 20
5882 19
5883 19
5884 20
5885 20
5886 20
5887 19
5888 18
5889 14
5890 14
5891 15
5892 19
5893 20
5894 15
5895 14
5896 14
5897 11
5898 14
5899 15
5900 19
5901 14
5902 11
5903 10
5904 10
5905 14
5906 15
5907 15
5908 14
5909 14
5910 14
5911 14
5912 14
5913 14
5914 15
5915 15
5916 15
5917 15
5918 15
5919 15
5920 15
5921 17
5922 15
5923 16
5924 15
5925 15
5926 16
5927 17
5928 17
5929 19
5930 14
5931 14
5932 15
5933 16
5934 19
5935 19
5936 14
5937 14
5938 10
5939 14
5940 14
5941 15
5942 15
5943 11
5944 10
5945 10
5946 10
5947 14
5948 14
5949 14
5950 10
5951 10
5952 10
5953 10
5954 10
5955 10
5956 11
5957 11
5958 11
5959 11
5960 11
5961 12
5962 15
5963 16
5964 15
5965 16
5966 16
5967 15
5968 16
5969 16
5970 17
5971 16
5972 16
5973 17
5974 17
5975 16
5976 18
5977 18
5978 15
5979 11
5980 11
5981 15
5982 14
5983 15
5984 15
5985 10
5986 10
5987 10
5988 10
5989 10
5990 10
5991 14
5992 10
5993 10
5994 10
5995 10
5996 10
5997 10
5998 12
5999 11
6000 10
6001 8
6002 6
6003 10
6004 12
6005 12
6006 12
6007 12
6008 12
6009 11
6010 12
6011 12
6012 14
6013 13
6014 13
6015 13
6016 13
6017 13
6018 14
6019 23
6020 15
6021 15
6022 15
6023 14
6024 14
6025 30
6026 29
6027 12
6028 12
6029 12
6030 12
6031 12
6032 12
6033 14
6034 12
6035 12
6036 12
6037 11
6038 12
6039 14
6040 14
6041 7
6042 7
6043 6
6044 9
6045 11
6046 12
6047 14
6048 8
6049 8
6050 5
6051 5
6052 10
6053 14
6054 14
6055 12
6056 12
6057 12
6058 12
6059 13
6060 16
6061 28
6062 15
6063 14
6064 13
6065 13
6066 18
6067 26
6068 32
6069 15
6070 18
6071 21
6072 38
6073 33
6074 32
6075 33
6076 12
6077 12
6078 12
6079 12
6080 13
6081 14
6082 14
6083 9
6084 9
6085 8
6086 10
6087 10
6088 14
6089 11
6090 9
6091 6
6092 6
6093 7
6094 9
6095 11
6096 20
6097 7
6098 7
6099 7
6100 6
6101 7
6102 21
6103 20
6104 13
6105 12
6106 11
6107 7
6108 20
6109 18
6110 26
6111 24
6112 24
6113 31
6114 33
6115 32
6116 33
6117 37
6118 34
6119 44
6120 44
6121 34
6122 34
6123 35
6124 44
6125 15
6126 15
6127 15
6128 16
6129 16
6130 17
6131 17
6132 12
6133 12
6134 13
6135 13
6136 14
6137 25
6138 29
6139 13
6140 11
6141 11
6142 12
6143 28
6144 26
6145 31
6146 13
6147 13
6148 12
6149 17
6150 22
6151 31
6152 34
6153 21
6154 28
6155 32
6156 26
6157 30
6158 30
6159 41
6160 44
6161 41
6162 32
6163 31
6164 32
6165 35
6166 44
6167 52
6168 45
6169 42
6170 41
6171 44
6172 47
6173 39
6174 19
6175 19
6176 19
6177 19
6178 19
6179 19
6180 19
6181 19
6182 15
6183 14
6184 14
6185 15
6186 19
6187 19
6188 14
6189 14
6190 12
6191 10
6192 14
6193 15
6194 18
6195 14
6196 10
6197 10
6198 10
6199 14
6200 15
6201 15
6202 14
6203 14
6204 14
6205 14
6206 14
6207 15
6208 15
6209 15
6210 15
6211 15
6212 15
6213 15
6214 15
6215 17
6216 15
6217 16
6218 16
6219 16
6220 17
6221 17
6222 17
6223 16
6224 14
6225 14
6226 14
6227 15
6228 19
6229 19
6230 14
6231 14
6232 10
6233 12
6234 14
6235 14
6236 15
6237 11
6238 10
6239 10
6240 10
6241 11
6242 14
6243 14
6244 10
6245 10
6246 10
6247 10
6248 10
6249 11
6250 16
6251 14
6252 14
6253 14
6254 12
6255 14
6256 15
6257 16
6258 16
6259 16
6260 16
6261 15
6262 16
6263 16
6264 17
6265 17
6266 17
6267 17
6268 17
6269 17
6270 18
6271 18
6272 15
6273 11
6274 10
6275 15
6276 15
6277 15
6278 15
6279 10
6280 10
6281 10
6282 10
6283 10
6284 10
6285 10
6286 10
6287 10
6288 10
6289 10
6290 10
6291 10
6292 12
6293 11
6294 11
6295 10
6296 10
6297 10
6298 12
6299 12
6300 12
6301 12
6302 12
6303 12
6304 12
6305 12
6306 14
6307 13
6308 13
6309 13
6310 13
6311 14
6312 14
6313 23
6314 14
6315 15
6316 15
6317 15
6318 15
6319 29
6320 33
6321 12
6322 12
6323 12
6324 12
6325 12
6326 12
6327 14
6328 12
6329 12
6330 12
6331 12
6332 11
6333 13
6334 13
6335 7
6336 7
6337 6
6338 7
6339 11
6340 12
6341 15
6342 8
6343 7
6344 4
6345 2
6346 11
6347 13
6348 20
6349 12
6350 11
6351 11
6352 11
6353 13
6354 22
6355 27
6356 15
6357 14
6358 13
6359 13
6360 29
6361 24
6362 32
6363 24
6364 20
6365 22
6366 39
6367 33
6368 33
6369 34
6370 12
6371 9
6372 12
6373 12
6374 13
6375 14
6376 15
6377 9
6378 8
6379 6
6380 8
6381 10
6382 11
6383 14
6384 9
6385 5
6386 5
6387 6
6388 9
6389 11
6390 22
6391 7
6392 6
6393 5
6394 4
6395 6
6396 19
6397 25
6398 11
6399 10
6400 9
6401 11
6402 15
6403 18
6404 25
6405 24
6406 26
6407 41
6408 33
6409 33
6410 33
6411 39
6412 42
6413 44
6414 41
6415 35
6416 35
6417 36
6418 45
6419 12
6420 10
6421 12
6422 13
6423 13
6424 13
6425 17
6426 7
6427 7
6428 7
6429 8
6430 9
6431 20
6432 24
6433 9
6434 7
6435 7
6436 8
6437 23
6438 19
6439 27
6440 8
6441 7
6442 7
6443 13
6444 17
6445 25
6446 29
6447 18
6448 29
6449 28
6450 25
6451 25
6452 25
6453 36
6454 42
6455 38
6456 29
6457 27
6458 27
6459 30
6460 38
6461 47
6462 38
6463 37
6464 37
6465 36
6466 36
6467 34
6468 9
6469 8
6470 9
6471 10
6472 18
6473 23
6474 28
6475 8
6476 8
6477 8
6478 19
6479 21
6480 29
6481 27
6482 17
6483 17
6484 21
6485 19
6486 27
6487 27
6488 37
6489 24
6490 35
6491 28
6492 28
6493 28
6494 37
6495 42
6496 45
6497 29
6498 29
6499 28
6500 27
6501 42
6502 34
6503 45
6504 36
6505 36
6506 35
6507 37
6508 32
6509 32
6510 36
6511 36
6512 40
6513 34
6514 31
6515 26
6516 23
6517 14
6518 14
6519 14
6520 14
6521 14
6522 14
6523 14
6524 14
6525 11
6526 10
6527 11
6528 14
6529 14
6530 14
6531 10
6532 10
6533 10
6534 10
6535 10
6536 14
6537 14
6538 10
6539 10
6540 10
6541 10
6542 10
6543 11
6544 16
6545 14
6546 14
6547 14
6548 14
6549 14
6550 16
6551 16
6552 16
6553 16
6554 16
6555 15
6556 16
6557 16
6558 18
6559 16
6560 17
6561 17
6562 17
6563 18
6564 18
6565 19
6566 14
6567 11
6568 11
6569 12
6570 15
6571 15
6572 15
6573 10
6574 10
6575 10
6576 10
6577 10
6578 10
6579 10
6580 10
6581 10
6582 10
6583 10
6584 10
6585 11
6586 12
6587 11
6588 11
6589 10
6590 10
6591 10
6592 12
6593 13
6594 12
6595 12
6596 12
6597 12
6598 12
6599 14
6600 14
6601 13
6602 13
6603 13
6604 14
6605 14
6606 14
6607 29
6608 15
6609 15
6610 15
6611 15
6612 16
6613 29
6614 33
6615 12
6616 12
6617 12
6618 12
6619 12
6620 12
6621 14
6622 12
6623 10
6624 11
6625 11
6626 11
6627 13
6628 13
6629 7
6630 7
6631 6
6632 5
6633 12
6634 13
6635 15
6636 8
6637 4
6638 4
6639 4
6640 11
6641 13
6642 22
6643 12
6644 12
6645 12
6646 13
6647 13
6648 27
6649 27
6650 14
6651 15
6652 15
6653 14
6654 29
6655 25
6656 32
6657 21
6658 24
6659 33
6660 38
6661 33
6662 33
6663 34
6664 9
6665 8
6666 11
6667 12
6668 14
6669 15
6670 15
6671 7
6672 8
6673 4
6674 8
6675 11
6676 12
6677 15
6678 6
6679 4
6680 4
6681 5
6682 10
6683 16
6684 26
6685 7
6686 5
6687 4
6688 3
6689 9
6690 18
6691 25
6692 11
6693 11
6694 9
6695 14
6696 18
6697 24
6698 26
6699 24
6700 26
6701 40
6702 33
6703 33
6704 33
6705 40
6706 45
6707 45
6708 41
6709 36
6710 37
6711 38
6712 47
6713 11
6714 8
6715 8
6716 13
6717 14
6718 14
6719 23
6720 7
6721 6
6722 6
6723 7
6724 8
6725 23
6726 22
6727 7
6728 6
6729 6
6730 7
6731 23
6732 18
6733 26
6734 8
6735 7
6736 11
6737 16
6738 16
6739 24
6740 32
6741 16
6742 34
6743 27
6744 25
6745 25
6746 27
6747 36
6748 44
6749 38
6750 27
6751 27
6752 27
6753 33
6754 39
6755 46
6756 37
6757 37
6758 37
6759 39
6760 36
6761 33
6762 8
6763 8
6764 8
6765 10
6766 20
6767 23
6768 29
6769 9
6770 11
6771 9
6772 22
6773 20
6774 28
6775 31
6776 16
6777 22
6778 18
6779 24
6780 27
6781 27
6782 37
6783 30
6784 34
6785 28
6786 28
6787 28
6788 37
6789 41
6790 45
6791 29
6792 28
6793 27
6794 28
6795 39
6796 34
6797 42
6798 37
6799 36
6800 37
6801 34
6802 32
6803 32
6804 42
6805 44
6806 41
6807 34
6808 31
6809 23
6810 24
6811 27
6812 27
6813 34
6814 39
6815 37
6816 37
6817 46
6818 27
6819 31
6820 37
6821 37
6822 37
6823 46
6824 46
6825 46
6826 37
6827 36
6828 36
6829 40
6830 45
6831 41
6832 42
6833 37
6834 36
6835 36
6836 40
6837 35
6838 33
6839 37
6840 37
6841 37
6842 39
6843 32
6844 32
6845 30
6846 46
6847 49
6848 35
6849 31
6850 25
6851 24
6852 30
6853 45
6854 42
6855 40
6856 36
6857 31
6858 31
6859 31
6860 12
6861 13
6862 12
6863 13
6864 13
6865 13
6866 13
6867 12
6868 12
6869 12
6870 12
6871 12
6872 12
6873 14
6874 11
6875 12
6876 9
6877 12
6878 12
6879 13
6880 14
6881 12
6882 12
6883 11
6884 11
6885 11
6886 13
6887 15
6888 13
6889 13
6890 14
6891 13
6892 13
6893 15
6894 15
6895 14
6896 14
6897 15
6898 15
6899 15
6900 15
6901 29
6902 16
6903 16
6904 16
6905 16
6906 21
6907 31
6908 34
6909 12
6910 12
6911 12
6912 12
6913 12
6914 12
6915 14
6916 12
6917 8
6918 8
6919 12
6920 12
6921 14
6922 14
6923 6
6924 6
6925 5
6926 3
6927 12
6928 14
6929 15
6930 9
6931 5
6932 5
6933 5
6934 12
6935 13
6936 23
6937 13
6938 12
6939 12
6940 13
6941 13
6942 27
6943 28
6944 15
6945 15
6946 15
6947 14
6948 29
6949 32
6950 32
6951 24
6952 24
6953 36
6954 37
6955 33
6956 34
6957 34
6958 10
6959 8
6960 8
6961 13
6962 15
6963 15
6964 16
6965 9
6966 8
6967 3
6968 9
6969 10
6970 13
6971 13
6972 4
6973 4
6974 5
6975 4
6976 8
6977 19
6978 26
6979 7
6980 6
6981 6
6982 5
6983 14
6984 20
6985 25
6986 11
6987 12
6988 8
6989 22
6990 17
6991 26
6992 27
6993 31
6994 33
6995 38
6996 33
6997 31
6998 34
6999 39
7000 47
7001 47
7002 43
7003 41
7004 43
7005 42
7006 46
7007 11
7008 8
7009 8
7010 12
7011 13
7012 14
7013 23
7014 6
7015 6
7016 6
7017 7
7018 8
7019 22
7020 30
7021 7
7022 6
7023 6
7024 11
7025 22
7026 19
7027 26
7028 7
7029 7
7030 12
7031 19
7032 15
7033 24
7034 29
7035 26
7036 30
7037 30
7038 25
7039 25
7040 27
7041 32
7042 41
7043 38
7044 29
7045 28
7046 28
7047 38
7048 34
7049 41
7050 37
7051 37
7052 41
7053 40
7054 35
7055 34
7056 7
7057 7
7058 7
7059 9
7060 23
7061 23
7062 27
7063 7
7064 8
7065 8
7066 21
7067 17
7068 25
7069 30
7070 16
7071 17
7072 23
7073 20
7074 25
7075 29
7076 31
7077 33
7078 30
7079 26
7080 24
7081 25
7082 30
7083 39
7084 40
7085 30
7086 28
7087 28
7088 30
7089 37
7090 31
7091 41
7092 37
7093 37
7094 38
7095 34
7096 31
7097 27
7098 44
7099 47
7100 40
7101 35
7102 31
7103 24
7104 24
7105 27
7106 27
7107 33
7108 36
7109 37
7110 41
7111 41
7112 31
7113 35
7114 37
7115 37
7116 37
7117 41
7118 41
7119 41
7120 37
7121 36
7122 36
7123 40
7124 40
7125 36
7126 41
7127 37
7128 36
7129 39
7130 39
7131 34
7132 33
7133 37
7134 37
7135 40
7136 34
7137 31
7138 30
7139 27
7140 48
7141 48
7142 35
7143 32
7144 23
7145 24
7146 31
7147 46
7148 44
7149 40
7150 32
7151 31
7152 31
7153 32
7154 33
7155 37
7156 37
7157 37
7158 41
7159 41
7160 41
7161 41
7162 37
7163 37
7164 37
7165 41
7166 36
7167 34
7168 37
7169 37
7170 41
7171 40
7172 36
7173 34
7174 34
7175 44
7176 41
7177 39
7178 33
7179 33
7180 27
7181 25
7182 49
7183 42
7184 33
7185 25
7186 24
7187 30
7188 31
7189 45
7190 42
7191 39
7192 31
7193 31
7194 32
7195 33
7196 42
7197 41
7198 33
7199 33
7200 33
7201 33
7202 33
7203 13
7204 13
7205 13
7206 13
7207 13
7208 14
7209 15
7210 13
7211 9
7212 9
7213 13
7214 13
7215 15
7216 15
7217 9
7218 8
7219 5
7220 6
7221 15
7222 15
7223 16
7224 11
7225 8
7226 9
7227 12
7228 15
7229 16
7230 26
7231 16
7232 15
7233 16
7234 16
7235 16
7236 26
7237 31
7238 17
7239 17
7240 17
7241 21
7242 34
7243 35
7244 35
7245 30
7246 33
7247 37
7248 36
7249 36
7250 36
7251 37
7252 10
7253 9
7254 9
7255 13
7256 15
7257 15
7258 16
7259 8
7260 6
7261 4
7262 9
7263 10
7264 12
7265 17
7266 6
7267 6
7268 5
7269 5
7270 8
7271 21
7272 21
7273 9
7274 7
7275 7
7276 7
7277 17
7278 19
7279 28
7280 11
7281 13
7282 11
7283 20
7284 25
7285 29
7286 29
7287 22
7288 34
7289 36
7290 32
7291 33
7292 35
7293 32
7294 40
7295 42
7296 44
7297 44
7298 44
7299 39
7300 41
7301 11
7302 7
7303 7
7304 10
7305 12
7306 19
7307 23
7308 6
7309 7
7310 6
7311 6
7312 14
7313 18
7314 26
7315 8
7316 6
7317 6
7318 9
7319 17
7320 25
7321 26
7322 8
7323 7
7324 8
7325 16
7326 16
7327 24
7328 26
7329 26
7330 26
7331 26
7332 25
7333 25
7334 27
7335 29
7336 36
7337 37
7338 36
7339 36
7340 34
7341 34
7342 35
7343 38
7344 36
7345 38
7346 37
7347 36
7348 33
7349 34
7350 7
7351 7
7352 7
7353 9
7354 19
7355 19
7356 27
7357 8
7358 7
7359 8
7360 17
7361 17
7362 25
7363 26
7364 16
7365 15
7366 21
7367 17
7368 25
7369 26
7370 27
7371 32
7372 26
7373 26
7374 24
7375 26
7376 26
7377 35
7378 35
7379 33
7380 29
7381 28
7382 30
7383 33
7384 31
7385 36
7386 36
7387 36
7388 34
7389 33
7390 31
7391 23
7392 44
7393 44
7394 35
7395 34
7396 29
7397 23
7398 29
7399 25
7400 26
7401 27
7402 36
7403 36
7404 36
7405 36
7406 27
7407 36
7408 36
7409 36
7410 36
7411 36
7412 36
7413 36
7414 35
7415 35
7416 35
7417 35
7418 35
7419 35
7420 36
7421 36
7422 35
7423 34
7424 34
7425 32
7426 32
7427 39
7428 36
7429 35
7430 33
7431 30
7432 22
7433 23
7434 43
7435 43
7436 34
7437 31
7438 23
7439 23
7440 30
7441 44
7442 41
7443 40
7444 31
7445 31
7446 31
7447 32
7448 37
7449 40
7450 37
7451 37
7452 37
7453 37
7454 37
7455 37
7456 37
7457 37
7458 37
7459 37
7460 37
7461 34
7462 37
7463 37
7464 37
7465 35
7466 33
7467 33
7468 32
7469 44
7470 37
7471 35
7472 32
7473 31
7474 27
7475 30
7476 45
7477 42
7478 33
7479 24
7480 24
7481 31
7482 31
7483 44
7484 42
7485 40
7486 31
7487 31
7488 32
7489 33
7490 48
7491 45
7492 35
7493 34
7494 34
7495 36
7496 43
7497 46
7498 46
7499 45
7500 45
7501 46
7502 43
7503 43
7504 46
7505 45
7506 45
7507 44
7508 42
7509 42
7510 43
7511 45
7512 44
7513 42
7514 41
7515 39
7516 36
7517 32
7518 45
7519 41
7520 40
7521 32
7522 32
7523 32
7524 33
7525 45
7526 41
7527 32
7528 32
7529 32
7530 33
7531 35
7532 48
7533 40
7534 35
7535 25
7536 25
7537 31
7538 37
7539 45
7540 45
7541 37
7542 36
7543 35
7544 37
7545 37
7546 8
7547 8
7548 9
7549 9
7550 11
7551 11
7552 12
7553 8
7554 4
7555 4
7556 7
7557 10
7558 12
7559 22
7560 6
7561 6
7562 5
7563 5
7564 8
7565 24
7566 24
7567 9
7568 7
7569 7
7570 7
7571 21
7572 19
7573 27
7574 19
7575 16
7576 25
7577 31
7578 28
7579 30
7580 30
7581 30
7582 35
7583 38
7584 31
7585 31
7586 32
7587 38
7588 46
7589 46
7590 42
7591 40
7592 40
7593 41
7594 45
7595 8
7596 6
7597 7
7598 8
7599 9
7600 20
7601 27
7602 6
7603 6
7604 6
7605 6
7606 20
7607 20
7608 26
7609 8
7610 7
7611 7
7612 15
7613 19
7614 26
7615 26
7616 9
7617 12
7618 22
7619 17
7620 25
7621 25
7622 33
7623 39
7624 34
7625 28
7626 27
7627 27
7628 29
7629 41
7630 42
7631 42
7632 36
7633 36
7634 37
7635 41
7636 35
7637 43
7638 36
7639 38
7640 38
7641 37
7642 33
7643 32
7644 7
7645 7
7646 7
7647 10
7648 23
7649 25
7650 27
7651 8
7652 8
7653 14
7654 20
7655 18
7656 26
7657 33
7658 10
7659 16
7660 18
7661 18
7662 26
7663 33
7664 34
7665 40
7666 32
7667 26
7668 26
7669 27
7670 33
7671 39
7672 41
7673 35
7674 35
7675 34
7676 40
7677 34
7678 32
7679 36
7680 36
7681 38
7682 38
7683 31
7684 31
7685 24
7686 43
7687 49
7688 37
7689 32
7690 32
7691 29
7692 30
7693 23
7694 29
7695 33
7696 33
7697 33
7698 39
7699 39
7700 31
7701 35
7702 33
7703 33
7704 33
7705 39
7706 38
7707 42
7708 32
7709 32
7710 32
7711 38
7712 40
7713 33
7714 36
7715 36
7716 35
7717 36
7718 34
7719 32
7720 32
7721 42
7722 38
7723 41
7724 33
7725 30
7726 22
7727 23
7728 50
7729 42
7730 33
7731 31
7732 23
7733 27
7734 30
7735 43
7736 41
7737 39
7738 31
7739 31
7740 32
7741 32
7742 42
7743 36
7744 36
7745 36
7746 42
7747 40
7748 40
7749 36
7750 36
7751 36
7752 38
7753 42
7754 35
7755 33
7756 37
7757 36
7758 37
7759 34
7760 32
7761 31
7762 33
7763 45
7764 42
7765 34
7766 30
7767 27
7768 23
7769 29
7770 44
7771 41
7772 31
7773 23
7774 25
7775 30
7776 31
7777 43
7778 41
7779 38
7780 31
7781 31
7782 32
7783 32
7784 47
7785 43
7786 38
7787 37
7788 40
7789 42
7790 43
7791 46
7792 45
7793 44
7794 50
7795 44
7796 42
7797 42
7798 45
7799 46
7800 47
7801 42
7802 41
7803 42
7804 39
7805 51
7806 43
7807 40
7808 40
7809 35
7810 31
7811 32
7812 45
7813 40
7814 39
7815 31
7816 31
7817 32
7818 33
7819 47
7820 41
7821 32
7822 32
7823 27
7824 33
7825 39
7826 48
7827 40
7828 37
7829 27
7830 27
7831 35
7832 38
7833 46
7834 46
7835 38
7836 38
7837 37
7838 38
7839 38
7840 55
7841 58
7842 51
7843 50
7844 49
7845 49
7846 48
7847 52
7848 50
7849 49
7850 47
7851 40
7852 40
7853 40
7854 50
7855 49
7856 39
7857 39
7858 39
7859 39
7860 39
7861 49
7862 40
7863 39
7864 38
7865 38
7866 38
7867 44
7868 44
7869 44
7870 30
7871 29
7872 29
7873 37
7874 38
7875 46
7876 42
7877 37
7878 37
7879 37
7880 37
7881 37
7882 45
7883 37
7884 37
7885 37
7886 37
7887 37
7888 37
7889 6
7890 6
7891 7
7892 7
7893 8
7894 16
7895 21
7896 7
7897 6
7898 6
7899 7
7900 23
7901 19
7902 26
7903 8
7904 7
7905 7
7906 12
7907 17
7908 26
7909 26
7910 18
7911 20
7912 22
7913 19
7914 25
7915 25
7916 36
7917 38
7918 36
7919 27
7920 27
7921 27
7922 27
7923 42
7924 44
7925 40
7926 35
7927 35
7928 35
7929 39
7930 33
7931 45
7932 36
7933 36
7934 40
7935 34
7936 32
7937 26
7938 7
7939 7
7940 7
7941 12
7942 20
7943 27
7944 27
7945 8
7946 8
7947 13
7948 19
7949 21
7950 26
7951 36
7952 13
7953 22
7954 18
7955 18
7956 26
7957 36
7958 38
7959 44
7960 30
7961 26
7962 26
7963 27
7964 39
7965 34
7966 44
7967 35
7968 35
7969 35
7970 38
7971 34
7972 32
7973 36
7974 36
7975 39
7976 33
7977 30
7978 29
7979 24
7980 44
7981 47
7982 41
7983 38
7984 32
7985 30
7986 30
7987 19
7988 23
7989 30
7990 29
7991 29
7992 38
7993 38
7994 29
7995 29
7996 28
7997 28
7998 28
7999 36
8000 39
8001 44
8002 28
8003 28
8004 28
8005 33
8006 39
8007 32
8008 36
8009 36
8010 36
8011 37
8012 34
8013 32
8014 32
8015 43
8016 43
8017 35
8018 33
8019 30
8020 23
8021 23
8022 48
8023 43
8024 39
8025 37
8026 29
8027 30
8028 30
8029 43
8030 41
8031 40
8032 32
8033 32
8034 32
8035 32
8036 44
8037 36
8038 36
8039 36
8040 45
8041 39
8042 36
8043 36
8044 36
8045 36
8046 37
8047 39
8048 35
8049 33
8050 39
8051 36
8052 38
8053 34
8054 32
8055 32
8056 31
8057 44
8058 44
8059 34
8060 30
8061 22
8062 23
8063 30
8064 45
8065 41
8066 34
8067 23
8068 29
8069 30
8070 31
8071 43
8072 41
8073 38
8074 32
8075 32
8076 32
8077 32
8078 47
8079 43
8080 41
8081 41
8082 42
8083 42
8084 43
8085 44
8086 44
8087 45
8088 48
8089 43
8090 41
8091 41
8092 44
8093 44
8094 43
8095 41
8096 41
8097 39
8098 36
8099 48
8100 41
8101 39
8102 37
8103 30
8104 30
8105 30
8106 43
8107 39
8108 37
8109 30
8110 30
8111 31
8112 32
8113 47
8114 39
8115 31
8116 31
8117 32
8118 32
8119 42
8120 50
8121 43
8122 43
8123 37
8124 37
8125 38
8126 44
8127 45
8128 45
8129 37
8130 37
8131 38
8132 38
8133 39
8134 50
8135 52
8136 46
8137 46
8138 44
8139 43
8140 36
8141 48
8142 45
8143 45
8144 37
8145 36
8146 36
8147 36
8148 45
8149 44
8150 35
8151 35
8152 35
8153 35
8154 36
8155 47
8156 36
8157 35
8158 33
8159 33
8160 33
8161 43
8162 44
8163 42
8164 30
8165 27
8166 28
8167 36
8168 37
8169 44
8170 37
8171 36
8172 36
8173 36
8174 36
8175 38
8176 44
8177 36
8178 36
8179 36
8180 36
8181 38
8182 38
8183 53
8184 49
8185 45
8186 39
8187 39
8188 39
8189 39
8190 50
8191 43
8192 40
8193 43
8194 43
8195 43
8196 45
8197 45
8198 42
8199 42
8200 42
8201 43
8202 44
8203 45
8204 44
8205 42
8206 34
8207 34
8208 34
8209 36
8210 37
8211 43
8212 35
8213 34
8214 34
8215 34
8216 35
8217 36
8218 35
8219 34
8220 34
8221 34
8222 35
8223 36
8224 36
8225 34
8226 35
8227 34
8228 35
8229 36
8230 36
8231 36
8232 7
8233 7
8234 7
8235 15
8236 21
8237 26
8238 26
8239 8
8240 8
8241 14
8242 18
8243 26
8244 26
8245 36
8246 19
8247 24
8248 18
8249 25
8250 26
8251 36
8252 42
8253 44
8254 30
8255 27
8256 27
8257 26
8258 39
8259 34
8260 45
8261 36
8262 35
8263 37
8264 39
8265 32
8266 32
8267 42
8268 39
8269 41
8270 34
8271 31
8272 24
8273 23
8274 47
8275 47
8276 41
8277 39
8278 30
8279 30
8280 31
8281 23
8282 30
8283 33
8284 33
8285 33
8286 42
8287 42
8288 34
8289 32
8290 32
8291 32
8292 32
8293 38
8294 40
8295 45
8296 32
8297 32
8298 32
8299 36
8300 34
8301 32
8302 36
8303 36
8304 38
8305 38
8306 32
8307 32
8308 28
8309 43
8310 46
8311 34
8312 32
8313 28
8314 23
8315 26
8316 49
8317 42
8318 40
8319 38
8320 30
8321 30
8322 31
8323 43
8324 42
8325 40
8326 32
8327 32
8328 32
8329 32
8330 42
8331 36
8332 36
8333 36
8334 45
8335 41
8336 36
8337 36
8338 36
8339 36
8340 40
8341 35
8342 33
8343 33
8344 39
8345 36
8346 40
8347 34
8348 32
8349 32
8350 31
8351 47
8352 38
8353 34
8354 30
8355 23
8356 26
8357 30
8358 43
8359 40
8360 37
8361 29
8362 29
8363 30
8364 32
8365 45
8366 42
8367 33
8368 32
8369 32
8370 32
8371 36
8372 49
8373 43
8374 43
8375 41
8376 42
8377 43
8378 44
8379 44
8380 44
8381 46
8382 47
8383 40
8384 40
8385 40
8386 44
8387 47
8388 42
8389 40
8390 40
8391 38
8392 33
8393 48
8394 40
8395 38
8396 33
8397 29
8398 30
8399 31
8400 42
8401 40
8402 34
8403 29
8404 30
8405 31
8406 32
8407 47
8408 41
8409 32
8410 32
8411 32
8412 32
8413 42
8414 48
8415 44
8416 44
8417 39
8418 38
8419 40
8420 44
8421 45
8422 45
8423 37
8424 37
8425 37
8426 37
8427 39
8428 51
8429 46
8430 44
8431 43
8432 42
8433 35
8434 34
8435 46
8436 43
8437 43
8438 33
8439 33
8440 33
8441 33
8442 47
8443 41
8444 33
8445 33
8446 33
8447 33
8448 40
8449 46
8450 34
8451 32
8452 22
8453 23
8454 33
8455 45
8456 43
8457 41
8458 33
8459 27
8460 31
8461 36
8462 37
8463 43
8464 35
8465 35
8466 35
8467 35
8468 36
8469 38
8470 38
8471 36
8472 36
8473 36
8474 36
8475 38
8476 38
8477 49
8478 49
8479 41
8480 41
8481 41
8482 43
8483 42
8484 52
8485 43
8486 40
8487 40
8488 40
8489 40
8490 45
8491 43
8492 43
8493 41
8494 40
8495 42
8496 44
8497 45
8498 44
8499 42
8500 34
8501 34
8502 34
8503 36
8504 38
8505 43
8506 35
8507 34
8508 34
8509 34
8510 36
8511 36
8512 35
8513 34
8514 34
8515 34
8516 36
8517 36
8518 36
8519 34
8520 35
8521 34
8522 36
8523 36
8524 36
8525 36
8526 49
8527 45
8528 44
8529 44
8530 44
8531 44
8532 45
8533 44
8534 44
8535 44
8536 43
8537 45
8538 44
8539 44
8540 43
8541 35
8542 35
8543 35
8544 35
8545 36
8546 37
8547 35
8548 35
8549 34
8550 33
8551 34
8552 36
8553 36
8554 34
8555 33
8556 26
8557 26
8558 28
8559 28
8560 36
8561 33
8562 26
8563 27
8564 28
8565 28
8566 28
8567 28
8568 27
8569 28
8570 28
8571 28
8572 28
8573 28
8574 28
8575 23
8576 28
8577 32
8578 33
8579 33
8580 42
8581 42
8582 42
8583 33
8584 33
8585 33
8586 34
8587 42
8588 39
8589 45
8590 33
8591 33
8592 33
8593 40
8594 35
8595 33
8596 36
8597 36
8598 37
8599 35
8600 32
8601 32
8602 28
8603 44
8604 47
8605 34
8606 31
8607 23
8608 23
8609 29
8610 44
8611 43
8612 39
8613 37
8614 30
8615 30
8616 31
8617 44
8618 43
8619 40
8620 32
8621 32
8622 32
8623 35
8624 41
8625 36
8626 36
8627 36
8628 45
8629 41
8630 34
8631 36
8632 36
8633 36
8634 38
8635 35
8636 33
8637 33
8638 42
8639 37
8640 38
8641 32
8642 32
8643 30
8644 28
8645 47
8646 42
8647 33
8648 29
8649 23
8650 29
8651 30
8652 44
8653 41
8654 38
8655 30
8656 30
8657 31
8658 32
8659 46
8660 44
8661 32
8662 32
8663 32
8664 32
8665 41
8666 50
8667 43
8668 44
8669 43
8670 43
8671 43
8672 45
8673 44
8674 44
8675 45
8676 43
8677 41
8678 41
8679 40
8680 45
8681 47
8682 43
8683 40
8684 39
8685 31
8686 32
8687 44
8688 41
8689 38
8690 30
8691 30
8692 30
8693 31
8694 42
8695 41
8696 30
8697 30
8698 30
8699 32
8700 32
8701 48
8702 41
8703 32
8704 32
8705 32
8706 33
8707 43
8708 44
8709 44
8710 43
8711 40
8712 42
8713 39
8714 44
8715 45
8716 45
8717 38
8718 42
8719 40
8720 40
8721 38
8722 50
8723 46
8724 43
8725 43
8726 38
8727 37
8728 34
8729 45
8730 43
8731 40
8732 33
8733 33
8734 33
8735 33
8736 47
8737 41
8738 33
8739 33
8740 33
8741 33
8742 43
8743 46
8744 35
8745 31
8746 22
8747 22
8748 33
8749 42
8750 43
8751 42
8752 34
8753 33
8754 32
8755 36
8756 36
8757 44
8758 35
8759 36
8760 36
8761 36
8762 37
8763 38
8764 36
8765 36
8766 36
8767 36
8768 36
8769 38
8770 38
8771 48
8772 48
8773 39
8774 39
8775 39
8776 39
8777 40
8778 51
8779 43
8780 42
8781 40
8782 39
8783 39
8784 45
8785 43
8786 42
8787 41
8788 36
8789 39
8790 43
8791 44
8792 43
8793 34
8794 34
8795 33
8796 34
8797 35
8798 38
8799 40
8800 35
8801 34
8802 34
8803 34
8804 36
8805 36
8806 35
8807 34
8808 34
8809 34
8810 36
8811 36
8812 36
8813 35
8814 34
8815 35
8816 36
8817 36
8818 36
8819 36
8820 46
8821 43
8822 43
8823 45
8824 45
8825 45
8826 45
8827 44
8828 44
8829 43
8830 42
8831 40
8832 38
8833 42
8834 43
8835 35
8836 35
8837 35
8838 35
8839 36
8840 37
8841 35
8842 34
8843 34
8844 27
8845 29
8846 34
8847 36
8848 34
8849 32
8850 26
8851 27
8852 28
8853 28
8854 36
8855 29
8856 26
8857 28
8858 28
8859 28
8860 28
8861 28
8862 27
8863 28
8864 28
8865 28
8866 28
8867 28
8868 28
8869 44
8870 44
8871 44
8872 36
8873 35
8874 36
8875 37
8876 39
8877 35
8878 35
8879 35
8880 36
8881 37
8882 37
8883 35
8884 34
8885 33
8886 33
8887 35
8888 35
8889 36
8890 34
8891 25
8892 26
8893 27
8894 27
8895 28
8896 35
8897 25
8898 26
8899 27
8900 27
8901 27
8902 27
8903 28
8904 27
8905 27
8906 27
8907 27
8908 27
8909 27
8910 27
8911 27
8912 27
8913 27
8914 27
8915 27
8916 27
8917 26
8918 42
8919 37
8920 37
8921 37
8922 44
8923 37
8924 35
8925 37
8926 37
8927 37
8928 41
8929 36
8930 34
8931 33
8932 44
8933 41
8934 35
8935 33
8936 32
8937 28
8938 27
8939 50
8940 42
8941 34
8942 27
8943 24
8944 30
8945 31
8946 44
8947 42
8948 39
8949 31
8950 31
8951 32
8952 33
8953 47
8954 46
8955 33
8956 33
8957 34
8958 35
8959 43
8960 46
8961 44
8962 44
8963 44
8964 44
8965 44
8966 45
8967 44
8968 44
8969 47
8970 43
8971 41
8972 41
8973 41
8974 47
8975 47
8976 41
8977 40
8978 38
8979 32
8980 32
8981 45
8982 41
8983 39
8984 31
8985 31
8986 31
8987 32
8988 44
8989 41
8990 31
8991 31
8992 32
8993 33
8994 33
8995 47
8996 39
8997 33
8998 33
8999 33
9000 35
9001 44
9002 44
9003 45
9004 45
9005 38
9006 37
9007 44
9008 45
9009 45
9010 45
9011 37
9012 37
9013 37
9014 38
9015 44
9016 52
9017 46
9018 43
9019 42
9020 37
9021 34
9022 34
9023 44
9024 42
9025 40
9026 33
9027 33
9028 33
9029 33
9030 48
9031 40
9032 33
9033 32
9034 33
9035 33
9036 43
9037 46
9038 35
9039 31
9040 23
9041 25
9042 35
9043 42
9044 44
9045 43
9046 34
9047 33
9048 35
9049 36
9050 36
9051 44
9052 36
9053 36
9054 36
9055 36
9056 37
9057 38
9058 36
9059 36
9060 36
9061 36
9062 36
9063 38
9064 38
9065 50
9066 49
9067 41
9068 41
9069 41
9070 41
9071 44
9072 48
9073 41
9074 40
9075 41
9076 40
9077 42
9078 44
9079 42
9080 40
9081 31
9082 31
9083 31
9084 36
9085 38
9086 42
9087 34
9088 34
9089 31
9090 34
9091 34
9092 37
9093 35
9094 35
9095 34
9096 34
9097 34
9098 36
9099 36
9100 35
9101 34
9102 34
9103 34
9104 36
9105 36
9106 36
9107 35
9108 34
9109 36
9110 36
9111 36
9112 37
9113 36
9114 45
9115 44
9116 44
9117 45
9118 44
9119 45
9120 45
9121 44
9122 43
9123 43
9124 37
9125 35
9126 36
9127 37
9128 43
9129 35
9130 35
9131 34
9132 34
9133 37
9134 37
9135 35
9136 34
9137 33
9138 25
9139 28
9140 31
9141 36
9142 34
9143 27
9144 25
9145 26
9146 27
9147 28
9148 34
9149 27
9150 26
9151 27
9152 27
9153 27
9154 28
9155 28
9156 28
9157 28
9158 28
9159 28
9160 28
9161 28
9162 28
9163 44
9164 43
9165 35
9166 35
9167 35
9168 35
9169 37
9170 35
9171 35
9172 35
9173 35
9174 36
9175 37
9176 37
9177 35
9178 34
9179 29
9180 28
9181 30
9182 33
9183 36
9184 32
9185 25
9186 26
9187 27
9188 27
9189 28
9190 33
9191 25
9192 27
9193 27
9194 27
9195 27
9196 27
9197 27
9198 27
9199 27
9200 27
9201 27
9202 27
9203 27
9204 27
9205 28
9206 27
9207 27
9208 27
9209 27
9210 27
9211 26
9212 35
9213 35
9214 35
9215 36
9216 37
9217 37
9218 37
9219 34
9220 33
9221 32
9222 34
9223 35
9224 36
9225 36
9226 25
9227 26
9228 27
9229 27
9230 27
9231 27
9232 28
9233 26
9234 27
9235 27
9236 27
9237 27
9238 27
9239 27
9240 27
9241 27
9242 27
9243 27
9244 27
9245 27
9246 26
9247 27
9248 27
9249 27
9250 27
9251 27
9252 26
9253 25
9254 27
9255 27
9256 27
9257 27
9258 25
9259 25
9260 25
9261 0
9262 0
9263 0
9264 0
9265 0
9266 0
9267 0
9268 0
9269 0
9270 0
9271 0
9272 0
9273 0
9274 0
9275 0
9276 0
9277 0
9278 0
9279 0
9280 0
9281 0
9282 0
9283 0
9284 0
9285 0
9286 0
9287 0
9288 0
9289 0
9290 0
9291 0
9292 0
9293 0
9294 0
9295 0
9296 0
9297 0
9298 0
9299 0
9300 0
9301 0
9302 0
9303 0
9304 0
9305 0
9306 0
9307 0
9308 0
9309 0
9310 0
9311 0
9312 0
9313 0
9314 0
9315 0
9316 0
9317 0
9318 0
9319 0
9320 0
9321 0
9322 0
9323 0
9324 0
9325 0
9326 0
9327 0
9328 0
9329 0
9330 0
9331 0
9332 0
9333 0
9334 0
9335 0
9336 0
9337 0
9338 0
9339 0
9340 0
9341 0
9342 0
9343 0
9344 0
9345 0
9346 0
9347 0
9348 0
9349 0
9350 0
9351 0
9352 0
9353 0
9354 0
9355 0
9356 0
9357 0
9358 0
9359 0
9360 0
9361 0
9362 0
9363 0
9364 0
9365 0
9366 0
9367 0
9368 0
9369 0
9370 0
9371 0
9372 0
9373 0
9374 0
9375 0
9376 0
9377 0
9378 0
9379 0
9380 0
9381 0
9382 0
9383 0
9384 0
9385 0
9386 0
9387 0
9388 0
9389 0
9390 0
9391 0
9392 0
9393 0
9394 0
9395 0
9396 0
9397 0
9398 0
9399 0
9400 0
9401 0
9402 0
9403 0
9404 0
9405 0
9406 0
9407 0
9408 0
9409 0
9410 0
9411 0
9412 0
9413 0
9414 0
9415 0
9416 0
9417 0
9418 0
9419 0
9420 0
9421 0
9422 0
9423 0
9424 0
9425 0
9426 0
9427 0
9428 0
9429 0
9430 0
9431 0
9432 0
9433 0
9434 0
9435 0
9436 0
9437 0
9438 0
9439 0
9440 0
9441 0
9442 0
9443 0
9444 0
9445 0
9446 0
9447 0
9448 0
9449 0
9450 0
9451 0
9452 0
9453 0
9454 0
9455 0
9456 0
9457 0
9458 0
9459 0
9460 0
9461 0
9462 0
9463 0
9464 0
9465 0
9466 0
9467 0
9468 0
9469 0
9470 0
9471 0
9472 0
9473 0
9474 0
9475 0
9476 0
9477 0
9478 0
9479 0
9480 0
9481 0
9482 0
9483 0
9484 0
9485 0
9486 0
9487 0
9488 0
9489 0
9490 0
9491 0
9492 0
9493 0
9494 0
9495 0
9496 0
9497 0
9498 0
9499 0
9500 0
9501 0
9502 0
9503 0
9504 0
9505 0
9506 0
9507 0
9508 0
9509 0
9510 0
9511 0
9512 0
9513 0
9514 0
9515 0
9516 0
9517 0
9518 0
9519 0
9520 0
9521 0
9522 0
9523 0
9524 0
9525 0
9526 0
9527 0
9528 0
9529 0
9530 0
9531 0
9532 0
9533 0
9534 0
9535 0
9536 0
9537 0
9538 0
9539 0
9540 0
9541 0
9542 0
9543 0
9544 0
9545 0
9546 0
9547 0
9548 0
9549 0
9550 0
9551 0
9552 0
9553 0
9554 0
9555 0
9556 0
9557 0
9558 0
9559 0
9560 0
9561 0
9562 0
9563 0
9564 0
9565 0
9566 0
9567 0
9568 0
9569 0
9570 0
9571 0
9572 0
9573 0
9574 0
9575 0
9576 0
9577 0
9578 0
9579 0
9580 0
9581 0
9582 0
9583 0
9584 0
9585 0
9586 0
9587 0
9588 0
9589 0
9590 0
9591 0
9592 0
9593 0
9594 0
9595 0
9596 0
9597 0
9598 0
9599 0
9600 0
9601 0
9602 0
9603 0
9604 0
9605 0
9606 0
9607 0
9608 0
9609 0
9610 0
9611 0
9612 0
9613 0
9614 0
9615 0
9616 0
9617 0
9618 0
9619 0
9620 0
9621 0
9622 0
9623 0
9624 0
9625 0
9626 0
9627 0
9628 0
9629 0
9630 0
9631 0
9632 0
9633 0
9634 0
9635 0
9636 0
9637 0
9638 0
9639 0
9640 0
9641 0
9642 0
9643 0
9644 0
9645 0
9646 0
9647 0
9648 0
9649 0
9650 0
9651 0
9652 0
9653 0
9654 0
9655 0
9656 0
9657 0
9658 0
9659 0
9660 0
9661 0
9662 0
9663 0
9664 0
9665 0
9666 0
9667 0
9668 0
9669 0
9670 0
9671 0
9672 0
9673 0
9674 0
9675 0
9676 0
9677 0
9678 0
9679 0
9680 0
9681 0
9682 0
9683 0
9684 0
9685 0
9686 0
9687 0
9688 0
9689 0
9690 0
9691 0
9692 0
9693 0
9694 0
9695 0
9696 0
9697 0
9698 0
9699 0
9700 0
9701 0
9702 0
9703 0
9704 0
9705 0
9706 0
9707 0
9708 0
9709 0
9710 0
9711 0
9712 0
9713 0
9714 0
9715 0
9716 0
9717 0
9718 0
9719 0
9720 0
9721 0
9722 0
9723 0
9724 0
9725 0
9726 0
9727 0
9728 0
9729 0
9730 0
9731 0
9732 0
9733 0
9734 0
9735 0
9736 0
9737 0
9738 0
9739 0
9740 0
9741 0
9742 0
9743 0
9744 0
9745 0
9746 0
9747 0
9748 0
9749 0
9750 0
9751 0
9752 0
9753 0
9754 0
9755 0
9756 0
9757 0
9758 0
9759 0
9760 0
9761 0
9762 0
9763 0
9764 0
9765 0
9766 0
9767 0
9768 0
9769 0
9770 0
9771 0
9772 0
9773 0
9774 0
9775 0
9776 0
9777 0
9778 0
9779 0
9780 0
9781 0
9782 0
9783 0
9784 0
9785 0
9786 0
9787 0
9788 0
9789 0
9790 0
9791 0
9792 0
9793 0
9794 0
9795 0
9796 0
9797 0
9798 0
9799 0
9800 0
9801 0
9802 0
9803 0
9804 0
9805 0
9806 0
9807 0
9808 0
9809 0
9810 0
9811 0
9812 0
9813 0
9814 0
9815 0
9816 0
9817 0
9818 0
9819 0
9820 0
9821 0
9822 0
9823 0
9824 0
9825 0
9826 0
9827 0
9828 0
9829 0
9830 0
9831 0
9832 0
9833 0
9834 0
9835 0
9836 0
9837 0
9838 0
9839 0
9840 0
9841 0
9842 0
9843 0
9844 0
9845 0
9846 0
9847 0
9848 0
9849 0
9850 0
9851 0
9852 0
9853 0
9854 0
9855 0
9856 0
9857 0
9858 0
9859 0
9860 0
9861 0
9862 0
9863 0
9864 0
9865 0
9866 0
9867 0
9868 0
9869 0
9870 0
9871 0
9872 0
9873 0
9874 0
9875 0
9876 0
9877 0
9878 0
9879 0
9880 0
9881 0
9882 0
9883 0
9884 0
9885 0
9886 0
9887 0
9888 0
9889 0
9890 0
9891 0
9892 0
9893 0
9894 0
9895 0
9896 0
9897 0
9898 0
9899 0
9900 0
9901 0
9902 0
9903 0
9904 0
9905 0
9906 0
9907 0
9908 0
9909 0
9910 0
9911 0
9912 0
9913 0
9914 0
9915 0
9916 0
9917 0
9918 0
9919 0
9920 0
9921 0
9922 0
9923 0
9924 0
9925 0
9926 0
9927 0
9928 0
9929 0
9930 0
9931 0
9932 0
9933 0
9934 0
9935 0
9936 0
9937 0
9938 0
9939 0
9940 0
9941 0
9942 0
9943 0
9944 0
9945 0
9946 0
9947 0
9948 0
9949 0
9950 0
9951 0
9952 0
9953 0
9954 0
9955 0
9956 0
9957 0
9958 0
9959 0
9960 0
9961 0
9962 0
9963 0
9964 0
9965 0
9966 0
9967 0
9968 0
9969 0
9970 0
9971 0
9972 0
9973 0
9974 0
9975 0
9976 0
9977 0
9978 0
9979 0
9980 0
9981 0
9982 0
9983 0
9984 0
9985 0
9986 0
9987 0
9988 0
9989 0
9990 0
9991 0
9992 0
9993 0
9994 0
9995 0
9996 0
9997 0
9998 0
9999 0
10000 0
10001 0
10002 0
10003 0
10004 0
10005 0
10006 0
10007 0
10008 0
10009 0
10010 0
10011 0
10012 0
10013 0
10014 0
10015 0
10016 0
10017 0
10018 0
10019 0
10020 0
10021 0
10022 0
10023 0
10024 0
10025 0
10026 0
10027 0
10028 0
10029 0
10030 0
10031 0
10032 0
10033 0
10034 0
10035 0
10036 0
10037 0
10038 0
10039 0
10040 0
10041 0
10042 0
10043 0
10044 0
10045 0
10046 0
10047 0
10048 0
10049 0
10050 0
10051 0
10052 0
10053 0
10054 0
10055 0
10056 0
10057 0
10058 0
10059 0
10060 0
10061 0
10062 0
10063 0
10064 0
10065 0
10066 0
10067 0
10068 0
10069 0
10070 0
10071 0
10072 0
10073 0
10074 0
10075 0
10076 0
10077 0
10078 0
10079 0
10080 0
10081 0
10082 0
10083 0
10084 0
10085 0
10086 0
10087 0
10088 0
10089 0
10090 0
10091 0
10092 0
10093 0
10094 0
10095 0
10096 0
10097 0
10098 0
10099 0
10100 0
10101 0
10102 0
10103 0
10104 0
10105 0
10106 0
10107 0
10108 0
10109 0
10110 0
10111 0
10112 0
10113 0
10114 0
10115 0
10116 0
10117 0
10118 0
10119 0
10120 0
10121 0
10122 0
10123 0
10124 0
10125 0
10126 0
10127 0
10128 0
10129 0
10130 0
10131 0
10132 0
10133 0
10134 0
10135 0
10136 0
10137 0
10138 0
10139 0
10140 0
10141 0
10142 0
10143 0
10144 0
10145 0
10146 0
10147 0
10148 0
10149 0
10150 0
10151 0
10152 0
10153 0
10154 0
10155 0
10156 0
10157 0
10158 0
10159 0
10160 0
10161 0
10162 0
10163 0
10164 0
10165 0
10166 0
10167 0
10168 0
10169 0
10170 0
10171 0
10172 0
10173 0
10174 0
10175 0
10176 0
10177 0
10178 0
10179 0
10180 0
10181 0
10182 0
10183 0
10184 0
10185 0
10186 0
10187 0
10188 0
10189 0
10190 0
10191 0
10192 0
10193 0
10194 0
10195 0
10196 0
10197 0
10198 0
10199 0
10200 0
10201 0
10202 0
10203 0
10204 0
10205 0
10206 0
10207 0
10208 0
10209 0
10210 0
10211 0
10212 0
10213 0
10214 0
10215 0
10216 0
10217 0
10218 0
10219 0
10220 0
10221 0
10222 0
10223 0
10224 0
10225 0
10226 0
10227 0
10228 0
10229 0
10230 0
10231 0
10232 0
10233 0
10234 0
10235 0
10236 0
10237 0
10238 0
10239 0
10240 0
10241 0
10242 0
10243 0
10244 0
10245 0
10246 0
10247 0
10248 0
10249 0
10250 0
10251 0
10252 0
10253 0
10254 0
10255 0
10256 0
10257 0
10258 0
10259 0
10260 0
10261 0
10262 0
10263 0
10264 0
10265 0
10266 0
10267 0
10268 0
10269 0
10270 0
10271 0
10272 0
10273 0
10274 0
10275 0
10276 0
10277 0
10278 0
10279 0
10280 0
10281 0
10282 0
10283 0
10284 0
10285 0
10286 0
10287 0
10288 0
10289 0
10290 0
10291 0
10292 0
10293 0
10294 0
10295 0
10296 0
10297 0
10298 0
10299 0
10300 0
10301 0
10302 0
10303 0
10304 0
10305 0
10306 0
10307 0
10308 0
10309 0
10310 0
10311 0
10312 0
10313 0
10314 0
10315 0
10316 0
10317 0
10318 0
10319 0
10320 0
10321 0
10322 0
10323 0
10324 0
10325 0
10326 0
10327 0
10328 0
10329 0
10330 0
10331 0
10332 0
10333 0
10334 0
10335 0
10336 0
10337 0
10338 0
10339 0
10340 0
10341 0
10342 0
10343 0
10344 0
10345 0
10346 0
10347 0
10348 0
10349 0
10350 0
10351 0
10352 0
10353 0
10354 0
10355 0
10356 0
10357 0
10358 0
10359 0
10360 0
10361 0
10362 0
10363 0
10364 0
10365 0
10366 0
10367 0
10368 0
10369 0
10370 0
10371 0
10372 0
10373 0
10374 0
10375 0
10376 0
10377 0
10378 0
10379 0
10380 0
10381 0
10382 0
10383 0
10384 0
10385 0
10386 0
10387 0
10388 0
10389 0
10390 0
10391 0
10392 0
10393 0
10394 0
10395 0
10396 0
10397 0
10398 0
10399 0
10400 0
10401 0
10402 0
10403 0
10404 0
10405 0
10406 0
10407 0
10408 0
10409 0
10410 0
10411 0
10412 0
10413 0
10414 0
10415 0
10416 0
10417 0
10418 0
10419 0
10420 0
10421 0
10422 0
10423 0
10424 0
10425 0
10426 0
10427 0
10428 0
10429 0
10430 0
10431 0
10432 0
10433 0
10434 0
10435 0
10436 0
10437 0
10438 0
10439 0
10440 0
10441 0
10442 0
10443 0
10444 0
10445 0
10446 0
10447 0
10448 0
10449 0
10450 0
10451 0
10452 0
10453 0
10454 0
10455 0
10456 0
10457 0
10458 0
10459 0
10460 0
10461 0
10462 0
10463 0
10464 0
10465 0
10466 0
10467 0
10468 0
10469 0
10470 0
10471 0
10472 0
10473 0
10474 0
10475 0
10476 0
10477 0
10478 0
10479 0
10480 0
10481 0
10482 0
10483 0
10484 0
10485 0
10486 0
10487 0
10488 0
10489 0
10490 0
10491 0
10492 0
10493 0
10494 0
10495 0
10496 0
10497 0
10498 0
10499 0
10500 0
10501 0
10502 0
10503 0
10504 0
10505 0
10506 0
10507 0
10508 0
10509 0
10510 0
10511 0
10512 0
10513 0
10514 0
10515 0
10516 0
10517 0
10518 0
10519 0
10520 0
10521 0
10522 0
10523 0
10524 0
10525 0
10526 0
10527 0
10528 0
10529 0
10530 0
10531 0
10532 0
10533 0
10534 0
10535 0
10536 0
10537 0
10538 0
10539 0
10540 0
10541 0
10542 0
10543 0
10544 0
10545 0
10546 0
10547 0
10548 0
10549 0
10550 0
10551 0
10552 0
10553 0
10554 0
10555 0
10556 0
10557 0
10558 0
10559 0
10560 0
10561 0
10562 0
10563 0
10564 0
10565 0
10566 0
10567 0
10568 0
10569 0
10570 0
10571 0
10572 0
10573 0
10574 0
10575 0
10576 0
10577 0
10578 0
10579 0
10580 0
10581 0
10582 0
10583 0
10584 0
10585 0
10586 0
10587 0
10588 0
10589 0
10590 0
10591 0
10592 0
10593 0
10594 0
10595 0
10596 0
10597 0
10598 0
10599 0
10600 0
10601 0
10602 0
10603 0
10604 0
10605 0
10606 0
10607 0
10608 0
10609 0
10610 0
10611 0
10612 0
10613 0
10614 0
10615 0
10616 0
10617 0
10618 0
10619 0
10620 0
10621 0
10622 0
10623 0
10624 0
10625 0
10626 0
10627 0
10628 0
10629 0
10630 0
10631 0
10632 0
10633 0
10634 0
10635 0
10636 0
10637 0
10638 0
10639 0
10640 0
10641 0
10642 0
10643 0
10644 0
10645 0
10646 0
10647 0
10648 0
10649 0
10650 0
10651 0
10652 0
10653 0
10654 0
10655 0
10656 0
10657 0
10658 0
10659 0
10660 0
10661 0
10662 0
10663 0
10664 0
10665 0
10666 0
10667 0
10668 0
10669 0
10670 0
10671 0
10672 0
10673 0
10674 0
10675 0
10676 0
10677 0
10678 0
10679 0
10680 0
10681 0
10682 0
10683 0
10684 0
10685 0
10686 0
10687 0
10688 0
10689 0
10690 0
10691 0
10692 0
10693 0
10694 0
10695 0
10696 0
10697 0
10698 0
10699 0
10700 0
10701 0
10702 0
10703 0
10704 0
10705 0
10706 0
10707 0
10708 0
10709 0
10710 0
10711 0
10712 0
10713 0
10714 0
10715 0
10716 0
10717 0
10718 0
10719 0
10720 0
10721 0
10722 0
10723 0
10724 0
10725 0
10726 0
10727 0
10728 0
10729 0
10730 0
10731 0
10732 0
10733 0
10734 0
10735 0
10736 0
10737 0
10738 0
10739 0
10740 0
10741 0
10742 0
10743 0
10744 0
10745 0
10746 0
10747 0
10748 0
10749 0
10750 0
10751 0
10752 0
10753 0
10754 0
10755 0
10756 0
10757 0
10758 0
10759 0
10760 0
10761 0
10762 0
10763 0
10764 0
10765 0
10766 0
10767 0
10768 0
10769 0
10770 0
10771 0
10772 0
10773 0
10774 0
10775 0
10776 0
10777 0
10778 0
10779 0
10780 0
10781 0
10782 0
10783 0
10784 0
10785 0
10786 0
10787 0
10788 0
10789 0
10790 0
10791 0
10792 0
10793 0
10794 0
10795 0
10796 0
10797 0
10798 0
10799 0
10800 0
10801 0
10802 0
10803 0
10804 0
10805 0
10806 0
10807 0
10808 0
10809 0
10810 0
10811 0
10812 0
10813 0
10814 0
10815 0
10816 0
10817 0
10818 0
10819 0
10820 0
10821 0
10822 0
10823 0
10824 0
10825 0
10826 0
10827 0
10828 0
10829 0
10830 0
10831 0
10832 0
10833 0
10834 0
10835 0
10836 0
10837 0
10838 0
10839 0
10840 0
10841 0
10842 0
10843 0
10844 0
10845 0
10846 0
10847 0
10848 0
10849 0
10850 0
10851 0
10852 0
10853 0
10854 0
10855 0
10856 0
10857 0
10858 0
10859 0
10860 0
10861 0
10862 0
10863 0
10864 0
10865 0
10866 0
10867 0
10868 0
10869 0
10870 0
10871 0
10872 0
10873 0
10874 0
10875 0
10876 0
10877 0
10878 0
10879 0
10880 0
10881 0
10882 0
10883 0
10884 0
10885 0
10886 0
10887 0
10888 0
10889 0
10890 0
10891 0
10892 0
10893 0
10894 0
10895 0
10896 0
10897 0
10898 0
10899 0
10900 0
10901 0
10902 0
10903 0
10904 0
10905 0
10906 0
10907 0
10908 0
10909 0
10910 0
10911 0
10912 0
10913 0
10914 0
10915 0
10916 0
10917 0
10918 0
10919 0
10920 0
10921 0
10922 0
10923 0
10924 0
10925 0
10926 0
10927 0
10928 0
10929 0
10930 0
10931 0
10932 0
10933 0
10934 0
10935 0
10936 0
10937 0
10938 0
10939 0
10940 0
10941 0
10942 0
10943 0
10944 0
10945 0
10946 0
10947 0
10948 0
10949 0
10950 0
10951 0
10952 0
10953 0
10954 0
10955 0
10956 0
10957 0
10958 0
10959 0
10960 0
10961 0
10962 0
10963 0
10964 0
10965 0
10966 0
10967 0
10968 0
10969 0
10970 0
10971 0
10972 0
10973 0
10974 0
10975 0
10976 0
10977 0
10978 0
10979 0
10980 0
10981 0
10982 0
10983 0
10984 0
10985 0
10986 0
10987 0
10988 0
10989 0
10990 0
10991 0
10992 0
10993 0
10994 0
10995 0
10996 0
10997 0
10998 0
10999 0
11000 0
11001 0
11002 0
11003 0
11004 0
11005 0
11006 0
11007 0
11008 0
11009 0
11010 0
11011 0
11012 0
11013 0
11014 0
11015 0
11016 0
11017 0
11018 0
11019 0
11020 0
11021 0
11022 0
11023 0
11024 0
11025 0
11026 0
11027 0
11028 0
11029 0
11030 0
11031 0
11032 0
11033 0
11034 0
11035 0
11036 0
11037 0
11038 0
11039 0
11040 0
11041 0
11042 0
11043 0
11044 0
11045 0
11046 0
11047 0
11048 0
11049 0
11050 0
11051 0
11052 0
11053 0
11054 0
11055 0
11056 0
11057 0
11058 0
11059 0
11060 0
11061 0
11062 0
11063 0
11064 0
11065 0
11066 0
11067 0
11068 0
11069 0
11070 0
11071 0
11072 0
11073 0
11074 0
11075 0
11076 0
11077 0
11078 0
11079 0
11080 0
11081 0
11082 0
11083 0
11084 0
11085 0
11086 0
11087 0
11088 0
11089 0
11090 0
11091 0
11092 0
11093 0
11094 0
11095 0
11096 0
11097 0
11098 0
11099 0
11100 0
11101 0
11102 0
11103 0
11104 0
11105 0
11106 0
11107 0
11108 0
11109 0
11110 0
11111 0
11112 0
11113 0
11114 0
11115 0
11116 0
11117 0
11118 0
11119 0
11120 0
11121 0
11122 0
11123 0
11124 0
11125 0
11126 0
11127 0
11128 0
11129 0
11130 0
11131 0
11132 0
11133 0
11134 0
11135 0
11136 0
11137 0
11138 0
11139 0
11140 0
11141 0
11142 0
11143 0
11144 0
11145 0
11146 0
11147 0
11148 0
11149 0
11150 0
11151 0
11152 0
11153 0
11154 0
11155 0
11156 0
11157 0
11158 0
11159 0
11160 0
11161 0
11162 0
11163 0
11164 0
11165 0
11166 0
11167 0
11168 0
11169 0
11170 0
11171 0
11172 0
11173 0
11174 0
11175 0
11176 0
11177 0
11178 0
11179 0
11180 0
11181 0
11182 0
11183 0
11184 0
11185 0
11186 0
11187 0
11188 0
11189 0
11190 0
11191 0
11192 0
11193 0
11194 0
11195 0
11196 0
11197 0
11198 0
11199 0
11200 0
11201 0
11202 0
11203 0
11204 0
11205 0
11206 0
11207 0
11208 0
11209 0
11210 0
11211 0
11212 0
11213 0
11214 0
11215 0
11216 0
11217 0
11218 0
11219 0
11220 0
11221 0
11222 0
11223 0
11224 0
11225 0
11226 0
11227 0
11228 0
11229 0
11230 0
11231 0
11232 0
11233 0
11234 0
11235 0
11236 0
11237 0
11238 0
11239 0
11240 0
11241 0
11242 0
11243 0
11244 0
11245 0
11246 0
11247 0
11248 0
11249 0
11250 0
11251 0
11252 0
11253 0
11254 0
11255 0
11256 0
11257 0
11258 0
11259 0
11260 0
11261 0
11262 0
11263 0
11264 0
11265 0
11266 0
11267 0
11268 0
11269 0
11270 0
11271 0
11272 0
11273 0
11274 0
11275 0
11276 0
11277 0
11278 0
11279 0
11280 0
11281 0
11282 0
11283 0
11284 0
11285 0
11286 0
11287 0
11288 0
11289 0
11290 0
11291 0
11292 0
11293 0
11294 0
11295 0
11296 0
11297 0
11298 0
11299 0
11300 0
11301 0
11302 0
11303 0
11304 0
11305 0
11306 0
11307 0
11308 0
11309 0
11310 0
11311 0
11312 0
11313 0
11314 0
11315 0
11316 0
11317 0
11318 0
11319 0
11320 0
11321 0
11322 0
11323 0
11324 0
11325 0
11326 0
11327 0
11328 0
11329 0
11330 0
11331 0
11332 0
11333 0
11334 0
11335 0
11336 0
11337 0
11338 0
11339 0
11340 0
11341 0
11342 0
11343 0
11344 0
11345 0
11346 0
11347 0
11348 0
11349 0
11350 0
11351 0
11352 0
11353 0
11354 0
11355 0
11356 0
11357 0
11358 0
11359 0
11360 0
11361 0
11362 0
11363 0
11364 0
11365 0
11366 0
11367 0
11368 0
11369 0
11370 0
11371 0
11372 0
11373 0
11374 0
11375 0
11376 0
11377 0
11378 0
11379 0
11380 0
11381 0
11382 0
11383 0
11384 0
11385 0
11386 0
11387 0
11388 0
11389 0
11390 0
11391 0
11392 0
11393 0
11394 0
11395 0
11396 0
11397 0
11398 0
11399 0
11400 0
11401 0
11402 0
11403 0
11404 0
11405 0
11406 0
11407 0
11408 0
11409 0
11410 0
11411 0
11412 0
11413 0
11414 0
11415 0
11416 0
11417 0
11418 0
11419 0
11420 0
11421 0
11422 0
11423 0
11424 0
11425 0
11426 0
11427 0
11428 0
11429 0
11430 0
11431 0
11432 0
11433 0
11434 0
11435 0
11436 0
11437 0
11438 0
11439 0
11440 0
11441 0
11442 0
11443 0
11444 0
11445 0
11446 0
11447 0
11448 0
11449 0
11450 0
11451 0
11452 0
11453 0
11454 0
11455 0
11456 0
11457 0
11458 0
11459 0
11460 0
11461 0
11462 0
11463 0
11464 0
11465 0
11466 0
11467 0
11468 0
11469 0
11470 0
11471 0
11472 0
11473 0
11474 0
11475 0
11476 0
11477 0
11478 0
11479 0
11480 0
11481 0
11482 0
11483 0
11484 0
11485 0
11486 0
11487 0
11488 0
11489 0
11490 0
11491 0
11492 0
11493 0
11494 0
11495 0
11496 0
11497 0
11498 0
11499 0
11500 0
11501 0
11502 0
11503 0
11504 0
11505 0
11506 0
11507 0
11508 0
11509 0
11510 0
11511 0
11512 0
11513 0
11514 0
11515 0
11516 0
11517 0
11518 0
11519 0
11520 0
11521 0
11522 0
11523 0
11524 0
11525 0
11526 0
11527 0
11528 0
11529 0
11530 0
11531 0
11532 0
11533 0
11534 0
11535 0
11536 0
11537 0
11538 0
11539 0
11540 0
11541 0
11542 0
11543 0
11544 0
11545 0
11546 0
11547 0
11548 0
11549 0
11550 0
11551 0
11552 0
11553 0
11554 0
11555 0
11556 0
11557 0
11558 0
11559 0
11560 0
11561 0
11562 0
11563 0
11564 0
11565 0
11566 0
11567 0
11568 0
11569 0
11570 0
11571 0
11572 0
11573 0
11574 0
11575 0
11576 0
11577 0
11578 0
11579 0
11580 0
11581 0
11582 0
11583 0
11584 0
11585 0
11586 0
11587 0
11588 0
11589 0
11590 0
11591 0
11592 0
11593 0
11594 0
11595 0
11596 0
11597 0
11598 0
11599 0
11600 0
11601 0
11602 0
11603 0
11604 0
11605 0
11606 0
11607 0
11608 0
11609 0
11610 0
11611 0
11612 0
11613 0
11614 0
11615 0
11616 0
11617 0
11618 0
11619 0
11620 0
11621 0
11622 0
11623 0
11624 0
11625 0
11626 0
11627 0
11628 0
11629 0
11630 0
11631 0
11632 0
11633 0
11634 0
11635 0
11636 0
11637 0
11638 0
11639 0
11640 0
11641 0
11642 0
11643 0
11644 0
11645 0
11646 0
11647 0
11648 0
11649 0
11650 0
11651 0
11652 0
11653 0
11654 0
11655 0
11656 0
11657 0
11658 0
11659 0
11660 0
11661 0
11662 0
11663 0
11664 0
11665 0
11666 0
11667 0
11668 0
11669 0
11670 0
11671 0
11672 0
11673 0
11674 0
11675 0
11676 0
11677 0
11678 0
11679 0
11680 0
11681 0
11682 0
11683 0
11684 0
11685 0
11686 0
11687 0
11688 0
11689 0
11690 0
11691 0
11692 0
11693 0
11694 0
11695 0
11696 0
11697 0
11698 0
11699 0
11700 0
11701 0
11702 0
11703 0
11704 0
11705 0
11706 0
11707 0
11708 0
11709 0
11710 0
11711 0
11712 0
11713 0
11714 0
11715 0
11716 0
11717 0
11718 0
11719 0
11720 0
11721 0
11722 0
11723 0
11724 0
11725 0
11726 0
11727 0
11728 0
11729 0
11730 0
11731 0
11732 0
11733 0
11734 0
11735 0
11736 0
11737 0
11738 0
11739 0
11740 0
11741 0
11742 0
11743 0
11744 0
11745 0
11746 0
11747 0
11748 0
11749 0
11750 0
11751 0
11752 0
11753 0
11754 0
11755 0
11756 0
11757 0
11758 0
11759 0
11760 0
11761 0
11762 0
11763 0
11764 0
11765 0
11766 0
11767 0
11768 0
11769 0
11770 0
11771 0
11772 0
11773 0
11774 0
11775 0
11776 0
11777 0
11778 0
11779 0
11780 0
11781 0
11782 0
11783 0
11784 0
11785 0
11786 0
11787 0
11788 0
11789 0
11790 0
11791 0
11792 0
11793 0
11794 0
11795 0
11796 0
11797 0
11798 0
11799 0
11800 0
11801 0
11802 0
11803 0
11804 0
11805 0
11806 0
11807 0
11808 0
11809 0
11810 0
11811 0
11812 0
11813 0
11814 0
11815 0
11816 0
11817 0
11818 0
11819 0
11820 0
11821 0
11822 0
11823 0
11824 0
11825 0
11826 0
11827 0
11828 0
11829 0
11830 0
11831 0
11832 0
11833 0
11834 0
11835 0
11836 0
11837 0
11838 0
11839 0
11840 0
11841 0
11842 0
11843 0
11844 0
11845 0
11846 0
11847 0
11848 0
11849 0
11850 0
11851 0
11852 0
11853 0
11854 0
11855 0
11856 0
11857 0
11858 0
11859 0
11860 0
11861 0
11862 0
11863 0
11864 0
11865 0
11866 0
11867 0
11868 0
11869 0
11870 0
11871 0
11872 0
11873 0
11874 0
11875 0
11876 0
11877 0
11878 0
11879 0
11880 0
11881 0
11882 0
11883 0
11884 0
11885 0
11886 0
11887 0
11888 0
11889 0
11890 0
11891 0
11892 0
11893 0
11894 0
11895 0
11896 0
11897 0
11898 0
11899 0
11900 0
11901 0
11902 0
11903 0
11904 0
11905 0
11906 0
11907 0
11908 0
11909 0
11910 0
11911 0
11912 0
11913 0
11914 0
11915 0
11916 0
11917 0
11918 0
11919 0
11920 0
11921 0
11922 0
11923 0
11924 0
11925 0
11926 0
11927 0
11928 0
11929 0
11930 0
11931 0
11932 0
11933 0
11934 0
11935 0
11936 0
11937 0
11938 0
11939 0
11940 0
11941 0
11942 0
11943 0
11944 0
11945 0
11946 0
11947 0
11948 0
11949 0
11950 0
11951 0
11952 0
11953 0
11954 0
11955 0
11956 0
11957 0
11958 0
11959 0
11960 0
11961 0
11962 0
11963 0
11964 0
11965 0
11966 0
11967 0
11968 0
11969 0
11970 0
11971 0
11972 0
11973 0
11974 0
11975 0
11976 0
11977 0
11978 0
11979 0
11980 0
11981 0
11982 0
11983 0
11984 0
11985 0
11986 0
11987 0
11988 0
11989 0
11990 0
11991 0
11992 0
11993 0
11994 0
11995 0
11996 0
11997 0
11998 0
11999 0
12000 0
12001 0
12002 0
12003 0
12004 0
12005 0
12006 0
12007 0
12008 0
12009 0
12010 0
12011 0
12012 0
12013 0
12014 0
12015 0
12016 0
12017 0
12018 0
12019 0
12020 0
12021 0
12022 0
12023 0
12024 0
12025 0
12026 0
12027 0
12028 0
12029 0
12030 0
12031 0
12032 0
12033 0
12034 0
12035 0
12036 0
12037 0
12038 0
12039 0
12040 0
12041 0
12042 0
12043 0
12044 0
12045 0
12046 0
12047 0
12048 0
12049 0
12050 0
12051 0
12052 0
12053 0
12054 0
12055 0
12056 0
12057 0
12058 0
12059 0
12060 0
12061 0
12062 0
12063 0
12064 0
12065 0
12066 0
12067 0
12068 0
12069 0
12070 0
12071 0
12072 0
12073 0
12074 0
12075 0
12076 0
12077 0
12078 0
12079 0
12080 0
12081 0
12082 0
12083 0
12084 0
12085 0
12086 0
12087 0
12088 0
12089 0
12090 0
12091 0
12092 0
12093 0
12094 0
12095 0
12096 0
12097 0
12098 0
12099 0
12100 0
12101 0
12102 0
12103 0
12104 0
12105 0
12106 0
12107 0
12108 0
12109 0
12110 0
12111 0
12112 0
12113 0
12114 0
12115 0
12116 0
12117 0
12118 0
12119 0
12120 0
12121 0
12122 0
12123 0
12124 0
12125 0
12126 0
12127 0
12128 0
12129 0
12130 0
12131 0
12132 0
12133 0
12134 0
12135 0
12136 0
12137 0
12138 0
12139 0
12140 0
12141 0
12142 0
12143 0
12144 0
12145 0
12146 0
12147 0
12148 0
12149 0
12150 0
12151 0
12152 0
12153 0
12154 0
12155 0
12156 0
12157 0
12158 0
12159 0
12160 0
12161 0
12162 0
12163 0
12164 0
12165 0
12166 0
12167 0
12168 0
12169 0
12170 0
12171 0
12172 0
12173 0
12174 0
12175 0
12176 0
12177 0
12178 0
12179 0
12180 0
12181 0
12182 0
12183 0
12184 0
12185 0
12186 0
12187 0
12188 0
12189 0
12190 0
12191 0
12192 0
12193 0
12194 0
12195 0
12196 0
12197 0
12198 0
12199 0
12200 0
12201 0
12202 0
12203 0
12204 0
12205 0
12206 0
12207 0
12208 0
12209 0
12210 0
12211 0
12212 0
12213 0
12214 0
12215 0
12216 0
12217 0
12218 0
12219 0
12220 0
12221 0
12222 0
12223 0
12224 0
12225 0
12226 0
12227 0
12228 0
12229 0
12230 0
12231 0
12232 0
12233 0
12234 0
12235 0
12236 0
12237 0
12238 0
12239 0
12240 0
12241 0
12242 0
12243 0
12244 0
12245 0
12246 0
12247 0
12248 0
12249 0
12250 0
12251 0
12252 0
12253 0
12254 0
12255 0
12256 0
12257 0
12258 0
12259 0
12260 0
12261 0
12262 0
12263 0
12264 0
12265 0
12266 0
12267 0
12268 0
12269 0
12270 0
12271 0
12272 0
12273 0
12274 0
12275 0
12276 0
12277 0
12278 0
12279 0
12280 0
12281 0
12282 0
12283 0
12284 0
12285 0
12286 0
12287 0
12288 0
12289 0
12290 0
12291 0
12292 0
12293 0
12294 0
12295 0
12296 0
12297 0
12298 0
12299 0
12300 0
12301 0
12302 0
12303 0
12304 0
12305 0
12306 0
12307 0
12308 0
12309 0
12310 0
12311 0
12312 0
12313 0
12314 0
12315 0
12316 0
12317 0
12318 0
12319 0
12320 0
12321 0
12322 0
12323 0
12324 0
12325 0
12326 0
12327 0
12328 0
12329 0
12330 0
12331 0
12332 0
12333 0
12334 0
12335 0
12336 0
12337 0
12338 0
12339 0
12340 0
12341 0
12342 0
12343 0
12344 0
12345 0
12346 0
12347 0
